1350311082.31,3.35601806641,0.362396240234
1350311084.32,3.35601806641,0.411987304688
1350311086.32,3.35540771484,0.385284423828
1350311088.33,3.35205078125,0.385284423828
1350311090.34,3.35479736328,0.350952148438
1350311092.34,3.3544921875,0.381469726562
1350311094.35,3.34716796875,0.343322753906
1350311096.35,3.35266113281,0.419616699219
1350311098.36,3.34869384766,0.343322753906
1350311100.37,3.35205078125,0.370025634766
1350311102.37,3.35388183594,0.503540039062
1350311104.38,3.35235595703,0.396728515625
1350311106.38,3.35113525391,0.392913818359
1350311108.39,3.35021972656,0.392913818359
1350311110.39,3.35083007812,0.370025634766
1350311112.4,3.35113525391,0.400543212891
1350311114.41,3.35021972656,0.358581542969
1350311116.41,3.35418701172,0.377655029297
1350311118.42,3.35052490234,0.377655029297
1350311120.42,3.35479736328,0.392913818359
1350311122.43,3.349609375,0.396728515625
1350311124.43,3.34869384766,0.3662109375
1350311126.44,3.34930419922,0.358581542969
1350311128.45,3.37066650391,0.156402587891
1350311130.45,3.34838867188,0.362396240234
1350311132.46,3.34014892578,0.358581542969
1350311134.46,3.34838867188,0.385284423828
1350311136.47,3.34930419922,0.404357910156
1350311138.48,3.34869384766,0.343322753906
1350311140.48,3.34777832031,0.377655029297
1350311142.49,3.33984375,0.343322753906
1350311144.49,3.34777832031,0.392913818359
1350311146.5,3.34808349609,0.408172607422
1350311148.51,3.34503173828,0.423431396484
1350311150.51,3.34686279297,0.392913818359
1350311152.52,3.34228515625,0.446319580078
1350311154.52,3.34655761719,0.381469726562
1350311156.53,3.34625244141,0.335693359375
1350311158.54,3.34289550781,0.484466552734
1350311160.54,3.34350585938,0.347137451172
1350311162.55,3.34594726562,0.400543212891
1350311164.56,3.35266113281,0.354766845703
1350311166.56,3.34625244141,0.381469726562
1350311168.57,3.34045410156,0.358581542969
1350311170.57,3.34625244141,0.419616699219
1350311172.58,3.33984375,0.415802001953
1350311174.58,3.34564208984,0.3662109375
1350311176.59,3.34625244141,0.385284423828
1350311178.6,3.34503173828,0.411987304688
1350311180.6,3.34442138672,0.335693359375
1350311182.61,3.35021972656,0.373840332031
1350311184.61,3.3447265625,0.381469726562
1350311186.62,3.34503173828,0.362396240234
1350311188.63,3.34136962891,0.411987304688
1350311190.63,3.3447265625,0.3662109375
1350311192.64,3.35510253906,0.350952148438
1350311194.65,3.34533691406,0.400543212891
1350311196.65,3.3447265625,0.411987304688
1350311198.66,3.34197998047,0.396728515625
1350311200.67,3.3447265625,0.396728515625
1350311202.67,3.35327148438,0.347137451172
1350311204.68,3.3447265625,0.347137451172
1350311206.69,3.34381103516,0.373840332031
1350311208.69,3.34899902344,0.282287597656
1350311210.7,3.34503173828,0.381469726562
1350311212.71,3.34442138672,0.408172607422
1350311214.71,3.34136962891,0.461578369141
1350311216.72,3.34350585938,0.370025634766
1350311218.73,3.35174560547,0.453948974609
1350311220.73,3.34442138672,0.381469726562
1350311222.74,3.34411621094,0.434875488281
1350311224.75,3.3447265625,0.415802001953
1350311226.75,3.34320068359,0.431060791016
1350311228.76,3.33831787109,0.293731689453
1350311230.76,3.34320068359,0.404357910156
1350311232.77,3.34503173828,0.373840332031
1350311234.78,3.34320068359,0.514984130859
1350311236.78,3.34320068359,0.370025634766
1350311238.79,3.34411621094,0.419616699219
1350311240.8,3.34381103516,0.396728515625
1350311242.8,3.34259033203,0.389099121094
1350311244.81,3.34167480469,0.579833984375
1350311246.82,3.34106445312,0.373840332031
1350311248.82,3.34259033203,0.400543212891
1350311250.83,3.34106445312,0.347137451172
1350311252.84,3.34228515625,0.373840332031
1350311254.84,3.34259033203,0.370025634766
1350311256.85,3.3349609375,0.381469726562
1350311258.86,3.34197998047,0.350952148438
1350311260.86,3.34167480469,0.289916992188
1350311262.87,3.34136962891,0.370025634766
1350311264.88,3.34167480469,0.385284423828
1350311266.89,3.34228515625,0.392913818359
1350311268.89,3.34289550781,0.530242919922
1350311270.9,3.34228515625,0.381469726562
1350311272.91,3.34197998047,0.408172607422
1350311274.91,3.33801269531,0.453948974609
1350311276.92,3.34197998047,0.408172607422
1350311278.92,3.34747314453,0.267028808594
