1350311280.94,3.34320068359,0.343322753906
1350311282.94,3.34259033203,0.354766845703
1350311284.95,3.3251953125,0.274658203125
1350311286.95,3.34106445312,0.377655029297
1350311288.96,3.34777832031,0.450134277344
1350311290.96,3.34167480469,0.3662109375
1350311292.97,3.33282470703,0.30517578125
1350311294.97,3.34167480469,0.400543212891
1350311296.98,3.33923339844,0.404357910156
1350311298.99,3.34106445312,0.408172607422
1350311300.99,3.34777832031,0.362396240234
1350311303.0,3.34167480469,0.350952148438
1350311305.0,3.34594726562,0.301361083984
1350311307.01,3.34106445312,0.350952148438
1350311309.01,3.33770751953,0.339508056641
1350311311.02,3.34106445312,0.385284423828
1350311313.03,3.33648681641,0.324249267578
1350311315.03,3.34136962891,0.381469726562
1350311317.04,3.34228515625,0.392913818359
1350311319.04,3.33984375,0.370025634766
1350311321.05,3.33831787109,0.404357910156
1350311323.06,3.34136962891,0.408172607422
1350311325.06,3.34259033203,0.3662109375
1350311327.07,3.34045410156,0.411987304688
1350311329.07,3.34991455078,0.312805175781
1350311331.08,3.34075927734,0.434875488281
1350311333.08,3.34106445312,0.408172607422
1350311335.09,3.33770751953,0.400543212891
1350311337.1,3.34106445312,0.335693359375
1350311339.1,3.34259033203,0.354766845703
1350311341.11,3.34136962891,0.3662109375
1350311343.11,3.33892822266,0.373840332031
1350311345.12,3.33953857422,0.423431396484
1350311347.13,3.34136962891,0.373840332031
1350311349.13,3.33984375,0.328063964844
1350311351.14,3.33953857422,0.385284423828
1350311353.14,3.34045410156,0.373840332031
1350311355.15,3.34075927734,0.423431396484
1350311357.16,3.34014892578,0.362396240234
1350311359.16,3.34503173828,0.350952148438
1350311361.17,3.34045410156,0.362396240234
1350311363.17,3.33648681641,0.495910644531
1350311365.18,3.34045410156,0.411987304688
1350311367.18,3.34228515625,0.320434570312
1350311369.19,3.34014892578,0.350952148438
1350311371.19,3.34167480469,0.358581542969
1350311373.2,3.34045410156,0.381469726562
1350311375.2,3.34381103516,0.652313232422
1350311377.21,3.33984375,0.392913818359
1350311379.22,3.33709716797,0.556945800781
1350311381.22,3.33984375,0.354766845703
1350311383.23,3.34167480469,0.370025634766
1350311385.23,3.33984375,0.415802001953
1350311387.24,3.34045410156,0.446319580078
1350311389.24,3.33984375,0.347137451172
1350311391.25,3.33923339844,0.396728515625
1350311393.25,3.33953857422,0.392913818359
1350311395.26,3.33648681641,0.350952148438
1350311397.27,3.33953857422,0.396728515625
1350311399.27,3.34259033203,0.370025634766
1350311401.28,3.33923339844,0.404357910156
1350311403.28,3.34136962891,0.381469726562
1350311405.29,3.33953857422,0.381469726562
1350311407.3,3.34167480469,0.354766845703
1350311409.3,3.34106445312,0.373840332031
1350311411.31,3.35296630859,0.362396240234
1350311413.31,3.33984375,0.373840332031
1350311415.32,3.33892822266,0.404357910156
1350311417.32,3.33892822266,0.423431396484
1350311419.33,3.33770751953,0.400543212891
1350311421.34,3.33831787109,0.358581542969
1350311423.34,3.33923339844,0.381469726562
1350311425.35,3.34045410156,0.308990478516
1350311427.35,3.33923339844,0.400543212891
1350311429.36,3.33618164062,0.347137451172
1350311431.37,3.33892822266,0.362396240234
1350311433.37,3.33923339844,0.370025634766
1350311435.38,3.33892822266,0.404357910156
1350311437.38,3.33923339844,0.385284423828
1350311439.39,3.3349609375,0.347137451172
1350311441.39,3.42071533203,-26.6571044922
1350311443.4,3.43933105469,-27.9312133789
1350311445.41,3.44787597656,-31.9976806641
1350311447.41,3.44421386719,-28.80859375
1350311449.42,3.45672607422,-31.6734313965
1350311451.42,3.45275878906,-27.473449707
1350311453.43,3.46984863281,-29.6020507812
1350311455.43,3.46008300781,-28.5720825195
1350311457.44,3.46496582031,-30.5442810059
1350311459.45,3.47076416016,-29.4342041016
1350311461.45,3.46343994141,-29.411315918
1350311463.46,3.46282958984,-27.7671813965
1350311465.47,3.47381591797,-31.5437316895
1350311467.47,3.48510742188,-29.6630859375
1350311469.48,3.47625732422,-31.4102172852
1350311471.49,3.4716796875,-30.216217041
1350311473.49,3.47686767578,-27.6718139648
1350311475.5,3.46984863281,-27.6832580566
1350311477.51,3.48266601562,-28.6293029785
