1350311479.52,3.4765625,-29.1900634766
1350311481.53,3.48785400391,-32.7186584473
1350311483.53,3.49273681641,-33.275604248
1350311485.54,3.48236083984,-30.689239502
1350311487.54,3.48358154297,-30.9982299805
1350311489.55,3.48602294922,-31.3529968262
1350311491.56,3.48114013672,-27.2789001465
1350311493.56,3.47290039062,-27.904510498
1350311495.57,3.4912109375,-29.9453735352
1350311497.58,3.48205566406,-28.1524658203
1350311499.58,3.49090576172,-31.1241149902
1350311501.59,3.49884033203,-30.1895141602
1350311503.6,3.49670410156,-30.460357666
1350311505.6,3.49243164062,-28.1562805176
1350311507.61,3.49029541016,-31.0173034668
1350311509.61,3.49639892578,-31.1546325684
1350311511.62,3.4912109375,-28.4080505371
1350311513.62,3.48815917969,-28.1562805176
1350311515.63,3.49365234375,-27.0767211914
1350311517.64,3.48602294922,-29.2053222656
1350311519.64,3.49426269531,-29.5524597168
1350311521.65,3.50433349609,-33.7448120117
1350311523.65,3.49548339844,-26.9889831543
1350311525.66,3.49456787109,-31.9862365723
1350311527.66,3.49945068359,-31.8336486816
1350311529.67,3.50250244141,-30.8456420898
1350311531.68,3.51715087891,-30.8990478516
1350311533.68,3.49426269531,-29.8042297363
1350311535.69,3.49639892578,-30.8265686035
1350311537.69,3.51043701172,-31.5933227539
1350311539.7,3.49578857422,-26.8211364746
1350311541.7,3.50006103516,-30.8990478516
1350311543.71,3.50860595703,-30.3001403809
1350311545.71,3.50372314453,-27.1301269531
1350311547.72,3.505859375,-31.8756103516
1350311549.73,3.50982666016,-30.3611755371
1350311551.73,3.505859375,-27.7519226074
1350311553.74,3.50128173828,-30.3649902344
1350311555.74,3.51440429688,-30.3077697754
1350311557.75,3.49975585938,-28.4042358398
1350311559.75,3.51135253906,-31.4979553223
1350311561.76,3.49639892578,-28.9421081543
1350311563.77,3.51318359375,-28.3355712891
1350311565.77,3.50128173828,-29.5257568359
1350311567.78,3.50708007812,-30.3764343262
1350311569.78,3.50616455078,-27.6908874512
1350311571.79,3.50616455078,-31.0707092285
1350311573.79,3.50982666016,-28.4004211426
1350311575.8,3.50463867188,-27.027130127
1350311577.8,3.50830078125,-31.1584472656
1350311579.81,3.50067138672,-30.2238464355
1350311581.81,3.51318359375,-27.8282165527
1350311583.82,3.50677490234,-29.7203063965
1350311585.83,3.50921630859,-28.392791748
1350311587.83,3.505859375,-29.5677185059
1350311589.84,3.51440429688,-32.5698852539
1350311591.84,3.51013183594,-28.1105041504
1350311593.85,3.50891113281,-32.3066711426
1350311595.85,3.51104736328,-30.0636291504
1350311597.86,3.50860595703,-30.8952331543
1350311599.86,3.51287841797,-27.9960632324
1350311601.87,3.50830078125,-31.3987731934
1350311603.88,3.51348876953,-28.7628173828
1350311605.88,3.50677490234,-31.5437316895
1350311607.89,3.51928710938,-32.5660705566
1350311609.89,3.50799560547,-29.2091369629
1350311611.9,3.51287841797,-28.6636352539
1350311613.9,3.51501464844,-29.182434082
1350311615.91,3.51104736328,-31.0935974121
1350311617.92,3.51745605469,-31.3415527344
1350311619.92,3.50555419922,-27.8472900391
1350311621.93,3.50830078125,-27.6756286621
1350311623.93,3.53149414062,-31.2728881836
1350311625.94,3.52081298828,-31.1813354492
1350311627.94,3.50646972656,-28.5377502441
1350311629.95,3.52142333984,-30.6587219238
1350311631.95,3.51226806641,-28.3393859863
1350311633.96,3.525390625,-31.6047668457
1350311635.97,3.51348876953,-30.2429199219
1350311637.97,3.52752685547,-29.8347473145
1350311639.98,3.51959228516,-32.1578979492
1350311641.98,3.50860595703,-27.5726318359
1350311643.99,3.53179931641,-30.4412841797
1350311645.99,3.51470947266,-30.2429199219
1350311648.0,3.51806640625,-27.7900695801
1350311650.0,3.51837158203,-31.9900512695
1350311652.01,3.51501464844,-27.2254943848
1350311654.01,3.51531982422,-29.0565490723
1350311656.02,3.50952148438,-30.4832458496
1350311658.03,3.51928710938,-27.5497436523
1350311660.03,3.51287841797,-29.4494628906
1350311662.04,3.51989746094,-28.7437438965
1350311664.04,3.51898193359,-32.5012207031
1350311666.05,3.51043701172,-26.6036987305
1350311668.05,3.52264404297,-31.1012268066
1350311670.06,3.51654052734,-29.9263000488
1350311672.06,3.52386474609,-30.8380126953
1350311674.07,3.51501464844,-27.8015136719
1350311676.07,3.51806640625,-30.2276611328
