1350311678.08,3.52447509766,-31.0707092285
1350311680.09,3.51776123047,-31.2080383301
1350311682.1,3.51196289062,-28.9993286133
1350311684.1,3.5107421875,-27.5077819824
1350311686.11,3.52172851562,-28.2211303711
1350311688.11,3.51409912109,-29.4418334961
1350311690.12,3.51287841797,-27.7824401855
1350311692.12,3.52203369141,-30.8570861816
1350311694.13,3.51501464844,-30.4946899414
1350311696.14,3.525390625,-29.2320251465
1350311698.14,3.52691650391,-31.5475463867
1350311700.15,3.51715087891,-29.2854309082
1350311702.15,3.52691650391,-30.9677124023
1350311704.16,3.51776123047,-30.8837890625
1350311706.16,3.51867675781,-26.2985229492
1350311708.17,3.52813720703,-32.2647094727
1350311710.17,3.51013183594,-29.4647216797
1350311712.18,3.51593017578,-29.9186706543
1350311714.18,3.52020263672,-28.6178588867
1350311716.19,3.52233886719,-31.5742492676
1350311718.2,3.51440429688,-27.0347595215
1350311720.2,3.52386474609,-30.5023193359
1350311722.21,3.5205078125,-30.6167602539
1350311724.21,3.51806640625,-28.0876159668
1350311726.22,3.52508544922,-28.7246704102
1350311728.22,3.52996826172,-31.3606262207
1350311730.23,3.52386474609,-27.2636413574
1350311732.24,3.52508544922,-29.4876098633
1350311734.24,3.52844238281,-31.4865112305
1350311736.25,3.52142333984,-31.177520752
1350311738.25,3.51623535156,-27.4887084961
1350311740.26,3.52996826172,-30.3955078125
1350311742.26,3.51989746094,-31.3491821289
1350311744.27,3.52661132812,-28.9077758789
1350311746.27,3.52142333984,-32.0892333984
1350311748.28,3.52172851562,-28.0418395996
1350311750.28,3.53698730469,-28.9993286133
1350311752.29,3.525390625,-27.9312133789
1350311754.3,3.52752685547,-30.2505493164
1350311756.3,3.52478027344,-28.6827087402
1350311758.31,3.53942871094,-31.078338623
1350311760.32,3.53179931641,-30.6053161621
1350311762.32,3.52813720703,-30.834197998
1350311764.33,3.53302001953,-30.3230285645
1350311766.33,3.52325439453,-28.5606384277
1350311768.34,3.52844238281,-29.1366577148
1350311770.34,3.52996826172,-30.5366516113
1350311772.35,3.53210449219,-28.5987854004
1350311774.35,3.53424072266,-32.0167541504
1350311776.36,3.52874755859,-27.0957946777
1350311778.37,3.53729248047,-32.2265625
1350311780.37,3.52264404297,-28.0799865723
1350311782.38,3.52172851562,-27.156829834
1350311784.38,3.52355957031,-28.1600952148
1350311786.39,3.53302001953,-31.1279296875
1350311788.39,3.52203369141,-29.4761657715
1350311790.4,3.53729248047,-28.4194946289
1350311792.41,3.53332519531,-31.3491821289
1350311794.41,3.52844238281,-27.4314880371
1350311796.42,3.53637695312,-30.7388305664
1350311798.42,3.52386474609,-26.8478393555
1350311800.43,3.53576660156,-30.7502746582
1350311802.43,3.53485107422,-33.1840515137
1350311804.44,3.52386474609,-28.3737182617
1350311806.44,3.53149414062,-27.6870727539
1350311808.45,3.52905273438,-27.6756286621
1350311810.46,3.53668212891,-31.4903259277
1350311812.48,3.52661132812,-26.8020629883
1350311814.49,3.53118896484,-30.5252075195
1350311816.5,3.53454589844,-28.3241271973
1350311818.5,3.53698730469,-30.1322937012
1350311820.51,3.52630615234,-26.9165039062
1350311822.52,3.54431152344,-31.364440918
1350311824.52,3.54309082031,-30.7579040527
1350311826.53,3.52081298828,-29.1442871094
1350311828.54,3.54064941406,-30.9257507324
1350311830.55,3.53912353516,-31.4674377441
1350311832.55,3.53790283203,-28.9077758789
1350311834.56,3.54125976562,-28.4118652344
1350311836.57,3.55041503906,-29.8957824707
1350311838.58,3.53851318359,-30.1170349121
1350311840.59,3.54431152344,-31.9480895996
1350311842.59,3.5400390625,-32.0243835449
1350311844.6,3.53851318359,-27.8739929199
1350311846.61,3.54766845703,-32.3677062988
1350311848.61,3.54370117188,-32.2914123535
1350311850.62,3.53820800781,-31.3949584961
1350311852.63,3.53454589844,-29.857635498
1350311854.64,3.54705810547,-28.7666320801
1350311856.64,3.54278564453,-27.2102355957
1350311858.65,3.54156494141,-28.3126831055
1350311860.66,3.55499267578,-32.2189331055
1350311862.66,3.54583740234,-28.6827087402
1350311864.67,3.54217529297,-30.3802490234
1350311866.68,3.55102539062,-28.8848876953
1350311868.68,3.55529785156,-31.379699707
1350311870.69,3.5546875,-28.7933349609
1350311872.7,3.55255126953,-33.0924987793
1350311874.7,3.56109619141,-31.7611694336
