1350310685.16,3.47961425781,-31.6429138184
1350310687.17,3.48205566406,-27.5192260742
1350310689.17,3.47381591797,-30.0178527832
1350310691.18,3.47747802734,-29.0603637695
1350310693.18,3.48266601562,-33.0924987793
1350310695.19,3.46618652344,-28.0685424805
1350310697.2,3.48236083984,-30.3230285645
1350310699.2,3.48358154297,-32.6652526855
1350310701.21,3.47625732422,-28.2783508301
1350310703.21,3.48114013672,-29.4342041016
1350310705.22,3.47961425781,-31.9480895996
1350310707.22,3.4765625,-27.4353027344
1350310709.23,3.48114013672,-27.7366638184
1350310711.23,3.48602294922,-32.9437255859
1350310713.24,3.47991943359,-27.9960632324
1350310715.25,3.48419189453,-30.1895141602
1350310717.25,3.47229003906,-30.1208496094
1350310719.26,3.47717285156,-31.177520752
1350310721.26,3.47137451172,-28.6026000977
1350310723.27,3.48205566406,-31.4979553223
1350310725.27,3.48083496094,-30.2314758301
1350310727.28,3.48419189453,-31.4407348633
1350310729.28,3.48114013672,-28.9192199707
1350310731.29,3.48266601562,-31.8717956543
1350310733.3,3.47717285156,-27.4047851562
1350310735.3,3.48327636719,-30.3573608398
1350310737.31,3.48297119141,-32.0091247559
1350310739.31,3.48205566406,-30.0636291504
1350310741.32,3.48754882812,-31.9900512695
1350310743.32,3.47869873047,-30.5023193359
1350310745.33,3.47747802734,-27.7938842773
1350310747.33,3.48052978516,-31.3262939453
1350310749.34,3.48846435547,-28.8200378418
1350310751.35,3.48297119141,-31.852722168
1350310753.35,3.47930908203,-27.7900695801
1350310755.36,3.48327636719,-30.5519104004
1350310757.36,3.47900390625,-26.0848999023
1350310759.37,3.48419189453,-30.948638916
1350310761.38,3.48236083984,-27.2216796875
1350310763.38,3.49639892578,-31.9938659668
1350310765.39,3.47839355469,-29.0718078613
1350310767.4,3.48541259766,-30.7579040527
1350310769.4,3.48510742188,-32.5965881348
1350310771.41,3.47778320312,-30.2200317383
1350310773.41,3.48205566406,-27.9808044434
1350310775.42,3.49273681641,-34.1033935547
1350310777.42,3.47930908203,-28.3851623535
1350310779.43,3.47900390625,-28.6598205566
1350310781.43,3.486328125,-30.5938720703
1350310783.44,3.4814453125,-28.003692627
1350310785.45,3.48175048828,-31.4331054688
1350310787.45,3.48358154297,-27.7214050293
1350310789.46,3.48663330078,-29.2892456055
1350310791.46,3.48785400391,-29.6478271484
1350310793.47,3.49212646484,-32.4516296387
1350310795.48,3.48937988281,-27.2102355957
1350310797.48,3.48785400391,-31.3720703125
1350310799.49,3.48571777344,-30.7350158691
1350310801.5,3.48663330078,-30.5671691895
1350310803.5,3.48968505859,-28.9497375488
1350310805.51,3.48724365234,-30.101776123
1350310807.51,3.48968505859,-31.4331054688
1350310809.52,3.48663330078,-27.4085998535
1350310811.53,3.48602294922,-31.551361084
1350310813.53,3.48754882812,-28.694152832
1350310815.54,3.48602294922,-30.9715270996
1350310817.54,3.49243164062,-29.6440124512
1350310819.55,3.48541259766,-27.7442932129
1350310821.55,3.49334716797,-31.2995910645
1350310823.56,3.48022460938,-26.5579223633
1350310825.56,3.48785400391,-30.6167602539
1350310827.57,3.48236083984,-27.4314880371
1350310829.58,3.48937988281,-32.4897766113
1350310831.58,3.48602294922,-28.5453796387
1350310833.59,3.49273681641,-30.5137634277
1350310835.59,3.48724365234,-30.9104919434
1350310837.6,3.5009765625,-29.5066833496
1350310839.6,3.49884033203,-31.1317443848
1350310841.61,3.4912109375,-29.9224853516
1350310843.62,3.49334716797,-33.1802368164
1350310845.62,3.48480224609,-27.8587341309
1350310847.63,3.49426269531,-31.6734313965
1350310849.63,3.50769042969,-29.7317504883
1350310851.64,3.48480224609,-26.9775390625
1350310853.64,3.50219726562,-32.1731567383
1350310855.65,3.48358154297,-29.857635498
1350310857.66,3.49609375,-30.4145812988
1350310859.66,3.48571777344,-30.5213928223
1350310861.67,3.48358154297,-28.1372070312
1350310863.67,3.49273681641,-31.0974121094
1350310865.68,3.49060058594,-29.613494873
1350310867.69,3.49334716797,-32.0281982422
1350310869.69,3.48419189453,-28.1715393066
1350310871.7,3.49639892578,-29.7164916992
1350310873.7,3.49212646484,-31.4559936523
1350310875.71,3.49090576172,-27.8434753418
1350310877.71,3.49670410156,-32.7568054199
1350310879.72,3.48968505859,-27.9006958008
1350310881.72,3.49334716797,-31.566619873
