1350311876.72,3.54888916016,-28.5835266113
1350311878.72,3.54125976562,-28.0990600586
1350311880.73,3.54400634766,-28.263092041
1350311882.74,3.55041503906,-27.8511047363
1350311884.74,3.55499267578,-27.660369873
1350311886.75,3.55773925781,-31.0096740723
1350311888.76,3.56231689453,-32.5469970703
1350311890.76,3.57391357422,-31.6009521484
1350311892.77,3.56903076172,-31.7802429199
1350311894.78,3.56842041016,-30.1551818848
1350311896.78,3.564453125,-27.8282165527
1350311898.79,3.55621337891,-30.0483703613
1350311900.8,3.56292724609,-30.7922363281
1350311902.8,3.56903076172,-30.3077697754
1350311904.81,3.59527587891,-29.956817627
1350311906.81,3.60137939453,-32.0167541504
1350311908.82,3.68255615234,-31.9290161133
1350311910.83,3.71459960938,-29.2167663574
1350311912.83,3.70727539062,-28.7551879883
1350311914.84,3.75366210938,-31.623840332
1350311916.84,3.70147705078,-28.3393859863
1350311918.85,3.73107910156,-28.923034668
1350311920.86,3.77014160156,-30.1666259766
1350311922.86,3.77044677734,-31.5208435059
1350311924.87,3.79852294922,-32.527923584
1350311926.87,3.74633789062,-29.8233032227
1350311928.88,3.78845214844,-32.8903198242
1350311930.89,3.75885009766,-29.0641784668
1350311932.89,3.79028320312,-29.9758911133
1350311934.9,3.7744140625,-30.403137207
1350311936.91,3.75640869141,-29.3006896973
1350311938.91,3.73474121094,-30.7159423828
1350311940.92,3.75701904297,-29.0374755859
1350311942.92,3.740234375,-31.1241149902
1350311944.93,3.76770019531,-30.216217041
1350311946.94,3.77593994141,-31.192779541
1350311948.94,3.77258300781,-32.4974060059
1350311950.95,3.75274658203,-29.0870666504
1350311952.95,3.72711181641,-27.6985168457
1350311954.96,3.72619628906,-30.6129455566
1350311956.97,3.74176025391,-31.8336486816
1350311958.97,3.70147705078,-26.8135070801
1350311960.98,3.69598388672,-28.4805297852
1350311962.99,3.75823974609,-30.7426452637
1350311964.99,3.74359130859,-29.5906066895
1350311967.0,3.74084472656,-29.2129516602
1350311969.0,3.72802734375,-28.1066894531
1350311971.01,3.70910644531,-27.8244018555
1350311973.02,3.73931884766,-30.9562683105
1350311975.02,3.70971679688,-29.4418334961
1350311977.03,3.75213623047,-29.4151306152
1350311979.03,3.71551513672,-30.4718017578
1350311981.04,3.71276855469,-31.2385559082
1350311983.04,3.72467041016,-31.2156677246
1350311985.05,3.71429443359,-31.0134887695
1350311987.05,3.68438720703,-28.0723571777
1350311989.06,3.75274658203,-31.7344665527
1350311991.07,3.70880126953,-29.8347473145
1350311993.07,3.73474121094,-29.899597168
1350311995.08,3.70574951172,-27.6031494141
1350311997.08,3.73565673828,-31.9061279297
1350311999.09,3.69262695312,-30.4107666016
1350312001.09,3.70361328125,-27.8053283691
1350312003.1,3.67156982422,-27.1987915039
1350312005.11,3.70391845703,-29.8919677734
1350312007.11,3.69598388672,-28.377532959
1350312009.12,3.74145507812,-30.8647155762
1350312011.12,3.74694824219,-31.2118530273
1350312013.13,3.70727539062,-27.3857116699
1350312015.14,3.74481201172,-29.125213623
1350312017.14,3.71520996094,-27.3056030273
1350312019.15,3.68774414062,-27.8244018555
1350312021.16,3.73046875,-28.8848876953
1350312023.16,3.71490478516,-28.1867980957
1350312025.17,3.70330810547,-27.0919799805
1350312027.17,3.71765136719,-27.6374816895
1350312029.18,3.72406005859,-28.4233093262
1350312031.19,3.73016357422,-27.3780822754
1350312033.19,3.72650146484,-30.460357666
1350312035.2,3.74816894531,-29.8805236816
1350312037.21,3.71368408203,-27.458190918
1350312039.21,3.70727539062,-27.8053283691
1350312041.22,3.78326416016,-33.5006713867
1350312043.22,3.7255859375,-29.3312072754
1350312045.23,3.72161865234,-30.6549072266
1350312047.24,3.72985839844,-31.8641662598
1350312049.24,3.75305175781,-28.7170410156
1350312051.25,3.75091552734,-28.8429260254
1350312053.26,3.76159667969,-29.9186706543
1350312055.26,3.70025634766,-28.6712646484
1350312057.27,3.70574951172,-27.6832580566
1350312059.27,3.76098632812,-31.6619873047
1350312061.28,3.76220703125,-31.5933227539
1350312063.29,3.73260498047,-28.80859375
1350312065.29,3.73870849609,-29.6897888184
1350312067.3,3.71734619141,-28.865814209
1350312069.3,3.75579833984,-31.1622619629
1350312071.31,3.72161865234,-29.8118591309
1350312073.31,3.74389648438,-30.5404663086
