1350310287.96,3.44573974609,-26.912689209
1350310289.96,3.43536376953,-29.3617248535
1350310291.97,3.44665527344,-32.5736999512
1350310293.98,3.44665527344,-32.1388244629
1350310295.98,3.44116210938,-27.6145935059
1350310297.99,3.44390869141,-29.6211242676
1350310299.99,3.4423828125,-28.2402038574
1350310302.0,3.44512939453,-28.9115905762
1350310304.0,3.44787597656,-29.1709899902
1350310306.01,3.45275878906,-33.0963134766
1350310308.02,3.44818115234,-30.948638916
1350310310.02,3.44085693359,-29.8728942871
1350310312.03,3.44085693359,-26.5922546387
1350310314.03,3.45642089844,-33.2679748535
1350310316.04,3.4423828125,-30.4298400879
1350310318.04,3.45306396484,-31.7268371582
1350310320.05,3.44329833984,-30.0559997559
1350310322.05,3.44177246094,-27.6908874512
1350310324.06,3.44787597656,-31.3148498535
1350310326.07,3.44085693359,-26.7791748047
1350310328.07,3.44421386719,-31.5132141113
1350310330.08,3.44573974609,-27.7290344238
1350310332.08,3.45428466797,-32.527923584
1350310334.09,3.44604492188,-30.5137634277
1350310336.09,3.45336914062,-30.7197570801
1350310338.1,3.44543457031,-27.4391174316
1350310340.11,3.45031738281,-31.9557189941
1350310342.11,3.45153808594,-31.4254760742
1350310344.12,3.44360351562,-27.0347595215
1350310346.12,3.44635009766,-27.4238586426
1350310348.13,3.44512939453,-29.5562744141
1350310350.14,3.4521484375,-30.689239502
1350310352.15,3.44604492188,-29.3769836426
1350310354.15,3.44421386719,-29.6516418457
1350310356.16,3.44451904297,-30.2696228027
1350310358.16,3.45947265625,-31.6162109375
1350310360.17,3.44482421875,-27.587890625
1350310362.17,3.44329833984,-29.1976928711
1350310364.18,3.447265625,-29.2167663574
1350310366.19,3.45306396484,-31.5208435059
1350310368.19,3.45520019531,-28.7437438965
1350310370.2,3.45672607422,-31.5780639648
1350310372.21,3.45855712891,-30.6282043457
1350310374.21,3.44360351562,-26.7639160156
1350310376.22,3.45642089844,-32.0816040039
1350310378.22,3.45520019531,-31.3568115234
1350310380.23,3.44787597656,-28.1410217285
1350310382.24,3.44970703125,-28.0380249023
1350310384.24,3.447265625,-30.2085876465
1350310386.25,3.46405029297,-31.5475463867
1350310388.26,3.45794677734,-31.2194824219
1350310390.26,3.45489501953,-30.3153991699
1350310392.27,3.45428466797,-28.678894043
1350310394.28,3.45428466797,-30.9181213379
1350310396.28,3.45764160156,-31.7916870117
1350310398.29,3.45733642578,-27.645111084
1350310400.3,3.47076416016,-31.5933227539
1350310402.3,3.44940185547,-30.2543640137
1350310404.31,3.45336914062,-30.5252075195
1350310406.31,3.45306396484,-28.3355712891
1350310408.32,3.45550537109,-28.1257629395
1350310410.32,3.46069335938,-31.4178466797
1350310412.33,3.45947265625,-30.216217041
1350310414.34,3.45672607422,-28.1028747559
1350310416.34,3.45306396484,-30.8074951172
1350310418.35,3.46008300781,-31.9519042969
1350310420.35,3.45733642578,-27.1377563477
1350310422.36,3.46557617188,-31.9519042969
1350310424.36,3.45916748047,-30.4145812988
1350310426.37,3.45336914062,-27.2750854492
1350310428.38,3.45672607422,-29.9835205078
1350310430.38,3.45245361328,-27.5764465332
1350310432.39,3.46343994141,-29.2129516602
1350310434.39,3.45642089844,-31.078338623
1350310436.4,3.45397949219,-27.9655456543
1350310438.41,3.45825195312,-31.1546325684
1350310440.41,3.45520019531,-30.7540893555
1350310442.42,3.46527099609,-29.2167663574
1350310444.42,3.46588134766,-32.6843261719
1350310446.43,3.45367431641,-29.2167663574
1350310448.44,3.45977783203,-31.7153930664
1350310450.44,3.46008300781,-31.6581726074
1350310452.45,3.45916748047,-28.1372070312
1350310454.45,3.46252441406,-30.0788879395
1350310456.46,3.466796875,-31.322479248
1350310458.47,3.46405029297,-31.1889648438
1350310460.47,3.45916748047,-30.6167602539
1350310462.48,3.46130371094,-29.1175842285
1350310464.48,3.46221923828,-32.1617126465
1350310466.49,3.45855712891,-29.5372009277
1350310468.49,3.45672607422,-30.4412841797
1350310470.5,3.45977783203,-28.9268493652
1350310472.5,3.46466064453,-32.4440002441
1350310474.51,3.45794677734,-29.5333862305
1350310476.52,3.46160888672,-31.4254760742
1350310478.52,3.46069335938,-27.8854370117
1350310480.53,3.45336914062,-29.78515625
1350310482.54,3.46099853516,-30.1818847656
1350310484.54,3.46221923828,-30.5709838867
