1350312075.32,3.72589111328,-27.7671813965
1350312077.33,3.72924804688,-29.8919677734
1350312079.33,3.7451171875,-28.6521911621
1350312081.34,3.74938964844,-30.3039550781
1350312083.34,3.77288818359,-32.2875976562
1350312085.35,3.78021240234,-31.9633483887
1350312087.36,3.71063232422,-28.6178588867
1350312089.36,3.77288818359,-30.9410095215
1350312091.37,3.71246337891,-28.6483764648
1350312093.37,3.70391845703,-28.4614562988
1350312095.38,3.76708984375,-30.8723449707
1350312097.38,3.71734619141,-29.3350219727
1350312099.39,3.76647949219,-30.330657959
1350312101.39,3.76434326172,-32.3867797852
1350312103.4,3.75732421875,-31.7039489746
1350312105.41,3.75183105469,-28.4805297852
1350312107.41,3.73901367188,-30.6968688965
1350312109.42,3.72528076172,-27.042388916
1350312111.42,3.77807617188,-32.6461791992
1350312113.43,3.76342773438,-30.632019043
1350312115.43,3.71917724609,-30.0254821777
1350312117.44,3.74481201172,-28.4004211426
1350312119.44,3.72344970703,-30.2734375
1350312121.45,3.74633789062,-28.2173156738
1350312123.46,3.75946044922,-30.948638916
1350312125.46,3.74267578125,-31.4102172852
1350312127.47,3.73291015625,-27.4887084961
1350312129.47,3.77807617188,-30.6396484375
1350312131.48,3.72528076172,-28.4461975098
1350312133.49,3.75305175781,-31.3835144043
1350312135.49,3.76434326172,-32.1388244629
1350312137.5,3.73687744141,-31.2042236328
1350312139.5,3.74389648438,-31.2614440918
1350312141.51,3.74908447266,-30.9410095215
1350312143.52,3.72955322266,-30.2963256836
1350312145.52,3.71490478516,-27.0729064941
1350312147.53,3.74481201172,-32.2341918945
1350312149.53,3.7158203125,-27.1797180176
1350312151.54,3.78051757812,-31.8222045898
1350312153.54,3.75396728516,-31.2309265137
1350312155.55,3.71551513672,-29.0679931641
1350312157.56,3.72161865234,-26.5846252441
1350312159.56,3.77563476562,-32.4821472168
1350312161.57,3.73809814453,-27.7671813965
1350312163.57,3.70849609375,-26.6761779785
1350312165.58,3.74267578125,-28.4614562988
1350312167.58,3.76617431641,-31.1279296875
1350312169.59,3.70025634766,-28.0113220215
1350312171.59,3.76312255859,-29.4151306152
1350312173.6,3.76922607422,-30.9677124023
1350312175.61,3.77075195312,-32.1159362793
1350312177.61,3.73870849609,-30.5023193359
1350312179.62,3.76739501953,-30.3955078125
1350312181.63,3.73352050781,-28.3432006836
1350312183.63,3.77197265625,-30.7464599609
1350312185.64,3.76983642578,-31.9137573242
1350312187.65,3.77563476562,-30.7312011719
1350312189.65,3.76739501953,-31.2614440918
1350312191.66,3.76983642578,-31.1660766602
1350312193.67,3.7451171875,-30.8151245117
1350312195.67,3.75335693359,-27.6107788086
1350312197.68,3.72467041016,-27.416229248
1350312199.68,3.73260498047,-26.4892578125
1350312201.69,3.72680664062,-27.3551940918
1350312203.7,3.75030517578,-30.7579040527
1350312205.7,3.75915527344,-28.1181335449
1350312207.71,3.75701904297,-30.9982299805
1350312209.72,3.73260498047,-29.5333862305
1350312211.72,3.71337890625,-28.1982421875
1350312213.73,3.76434326172,-32.1617126465
1350312215.74,3.76739501953,-30.6930541992
1350312217.74,3.7255859375,-27.6565551758
1350312219.75,3.78356933594,-31.1813354492
1350312221.75,3.74816894531,-30.7922363281
1350312223.76,3.76190185547,-31.9290161133
1350312225.77,3.77777099609,-31.3949584961
1350312227.77,3.76892089844,-31.6352844238
1350312229.78,3.17169189453,25.6538391113
1350312231.78,3.15490722656,26.7181396484
1350312233.79,3.14971923828,26.8363952637
1350312235.79,3.14514160156,26.6647338867
1350312237.8,3.14300537109,26.6227722168
1350312239.81,3.1396484375,26.6151428223
1350312241.81,3.13751220703,26.6189575195
1350312243.82,3.36975097656,0.335693359375
1350312245.82,3.63708496094,-27.8701782227
1350312247.83,3.6767578125,-30.3382873535
1350312249.83,3.69812011719,-28.018951416
1350312251.84,3.69140625,-29.7355651855
1350312253.84,3.73840332031,-31.5055847168
1350312255.85,3.71795654297,-30.0750732422
1350312257.86,3.73474121094,-30.8380126953
1350312259.86,3.71368408203,-28.3889770508
1350312261.87,3.4033203125,0.465393066406
1350312263.87,3.13781738281,26.6571044922
1350312265.88,3.14697265625,26.668548584
1350312267.88,3.13751220703,26.6761779785
1350312269.89,3.13446044922,26.5960693359
1350312271.9,3.38195800781,0.389099121094
