1350310089.39,3.42010498047,-28.3241271973
1350310091.4,3.42346191406,-31.4254760742
1350310093.41,3.41522216797,-31.551361084
1350310095.41,3.41888427734,-29.3731689453
1350310097.42,3.41674804688,-28.2592773438
1350310099.42,3.42468261719,-30.1170349121
1350310101.43,3.41552734375,-30.3573608398
1350310103.43,3.41827392578,-27.0385742188
1350310105.44,3.42224121094,-28.148651123
1350310107.44,3.42254638672,-32.3448181152
1350310109.45,3.41491699219,-28.8238525391
1350310111.46,3.42132568359,-27.7290344238
1350310113.46,3.41979980469,-30.3726196289
1350310115.47,3.42681884766,-27.6756286621
1350310117.47,3.42590332031,-30.1132202148
1350310119.48,3.42681884766,-31.3529968262
1350310121.48,3.42254638672,-30.101776123
1350310123.49,3.42315673828,-31.4483642578
1350310125.5,3.41918945312,-29.8843383789
1350310127.5,3.42529296875,-28.9421081543
1350310129.51,3.42529296875,-30.9295654297
1350310131.51,3.41888427734,-30.1742553711
1350310133.52,3.41735839844,-26.8363952637
1350310135.52,3.42620849609,-30.4946899414
1350310137.53,3.42102050781,-27.6908874512
1350310139.54,3.42926025391,-28.8581848145
1350310141.54,3.42193603516,-30.6854248047
1350310143.55,3.42742919922,-28.9192199707
1350310145.55,3.41857910156,-27.1034240723
1350310147.56,3.42376708984,-30.7006835938
1350310149.56,3.42651367188,-31.6390991211
1350310151.57,3.42559814453,-30.9104919434
1350310153.57,3.42193603516,-29.4380187988
1350310155.58,3.42620849609,-29.3426513672
1350310157.58,3.42376708984,-27.5917053223
1350310159.59,3.42559814453,-29.3998718262
1350310161.6,3.42895507812,-27.4620056152
1350310163.6,3.43139648438,-31.0173034668
1350310165.61,3.43414306641,-31.7268371582
1350310167.61,3.42834472656,-31.1851501465
1350310169.62,3.42895507812,-29.8080444336
1350310171.62,3.42529296875,-27.8549194336
1350310173.63,3.43109130859,-28.8467407227
1350310175.64,3.43139648438,-30.8418273926
1350310177.64,3.42742919922,-30.8113098145
1350310179.65,3.42407226562,-27.6870727539
1350310181.65,3.4326171875,-28.8047790527
1350310183.66,3.43170166016,-30.1094055176
1350310185.66,3.43017578125,-27.6985168457
1350310187.67,3.42803955078,-32.1960449219
1350310189.67,3.42468261719,-28.9268493652
1350310191.68,3.42987060547,-30.2200317383
1350310193.69,3.43505859375,-30.3764343262
1350310195.69,3.43139648438,-30.0102233887
1350310197.7,3.43597412109,-30.689239502
1350310199.7,3.42803955078,-28.621673584
1350310201.71,3.43597412109,-28.2554626465
1350310203.71,3.43566894531,-27.9808044434
1350310205.72,3.44024658203,-31.494140625
1350310207.72,3.43017578125,-27.7824401855
1350310209.73,3.43444824219,-30.7807922363
1350310211.74,3.42651367188,-26.9317626953
1350310213.74,3.42132568359,-30.5824279785
1350310215.75,3.43292236328,-31.2423706055
1350310217.75,3.43902587891,-31.0249328613
1350310219.76,3.43658447266,-31.8794250488
1350310221.76,3.42590332031,-28.5987854004
1350310223.77,3.43994140625,-30.143737793
1350310225.77,3.43627929688,-29.3350219727
1350310227.78,3.44055175781,-32.6995849609
1350310229.79,3.43719482422,-28.5835266113
1350310231.79,3.43536376953,-28.4004211426
1350310233.8,3.43841552734,-27.6412963867
1350310235.8,3.43963623047,-30.4374694824
1350310237.81,3.43902587891,-28.694152832
1350310239.81,3.43841552734,-30.0140380859
1350310241.82,3.44268798828,-30.1475524902
1350310243.83,3.44116210938,-32.3677062988
1350310245.83,3.44116210938,-30.6510925293
1350310247.84,3.44879150391,-29.4761657715
1350310249.84,3.43200683594,-29.052734375
1350310251.85,3.43444824219,-30.4908752441
1350310253.86,3.43627929688,-31.4064025879
1350310255.86,3.43200683594,-28.6865234375
1350310257.87,3.43292236328,-27.4505615234
1350310259.87,3.43139648438,-27.5115966797
1350310261.88,3.44360351562,-31.7687988281
1350310263.89,3.43780517578,-27.5802612305
1350310265.89,3.43566894531,-29.8767089844
1350310267.9,3.44116210938,-27.1492004395
1350310269.9,3.44665527344,-32.2608947754
1350310271.91,3.4375,-30.2963256836
1350310273.91,3.43444824219,-28.9192199707
1350310275.92,3.44879150391,-28.5224914551
1350310277.93,3.44085693359,-28.2936096191
1350310279.93,3.44512939453,-29.6974182129
1350310281.94,3.43444824219,-30.2810668945
1350310283.94,3.43872070312,-27.9655456543
1350310285.95,3.43872070312,-30.1055908203
