1350309692.24,3.09631347656,0.511169433594
1350309694.24,3.09051513672,0.320434570312
1350309696.25,3.09478759766,0.434875488281
1350309698.25,3.09753417969,0.404357910156
1350309700.26,3.19244384766,-29.1023254395
1350309702.26,3.20495605469,-30.2963256836
1350309704.27,3.20953369141,-29.3159484863
1350309706.28,3.21746826172,-27.6908874512
1350309708.28,3.21929931641,-27.4620056152
1350309710.29,3.23028564453,-32.154083252
1350309712.29,3.2275390625,-28.018951416
1350309714.3,3.23944091797,-28.2821655273
1350309716.3,3.23883056641,-31.0249328613
1350309718.31,3.24493408203,-30.2543640137
1350309720.32,3.24890136719,-32.1922302246
1350309722.32,3.24798583984,-29.3197631836
1350309724.33,3.26263427734,-31.1317443848
1350309726.33,3.2568359375,-30.5290222168
1350309728.34,3.25805664062,-28.4652709961
1350309730.34,3.26202392578,-26.6647338867
1350309732.35,3.26843261719,-31.0707092285
1350309734.35,3.27209472656,-31.4559936523
1350309736.36,3.27026367188,-31.9061279297
1350309738.36,3.27270507812,-26.4129638672
1350309740.37,3.28094482422,-29.2167663574
1350309742.38,3.28521728516,-29.0946960449
1350309744.38,3.28369140625,-31.9671630859
1350309746.39,3.28552246094,-31.8260192871
1350309748.39,3.28918457031,-31.6848754883
1350309750.4,3.29040527344,-31.364440918
1350309752.4,3.28948974609,-31.3835144043
1350309754.41,3.29254150391,-30.876159668
1350309756.41,3.29620361328,-29.5219421387
1350309758.42,3.29254150391,-29.1061401367
1350309760.43,3.29650878906,-31.867980957
1350309762.43,3.30169677734,-30.8532714844
1350309764.44,3.3056640625,-27.416229248
1350309766.44,3.30902099609,-29.0832519531
1350309768.45,3.30261230469,-27.6565551758
1350309770.45,3.30444335938,-30.387878418
1350309772.46,3.31329345703,-30.9371948242
1350309774.46,3.31390380859,-31.3148498535
1350309776.47,3.31604003906,-27.587890625
1350309778.47,3.31390380859,-28.1219482422
1350309780.48,3.31298828125,-27.1224975586
1350309782.49,3.31695556641,-29.2930603027
1350309784.49,3.32550048828,-28.1791687012
1350309786.5,3.32244873047,-31.5055847168
1350309788.51,3.31909179688,-26.4701843262
1350309790.51,3.32458496094,-31.5246582031
1350309792.52,3.32672119141,-28.2974243164
1350309794.52,3.34136962891,-30.7235717773
1350309796.53,3.33099365234,-30.9944152832
1350309798.54,3.33282470703,-27.5230407715
1350309800.54,3.33129882812,-27.9235839844
1350309802.55,3.33618164062,-31.2995910645
1350309804.55,3.32611083984,-30.9066772461
1350309806.56,3.33526611328,-30.0254821777
1350309808.56,3.33404541016,-30.6053161621
1350309810.57,3.33892822266,-28.8925170898
1350309812.58,3.34381103516,-30.7083129883
1350309814.58,3.34686279297,-28.4843444824
1350309816.59,3.34381103516,-31.7306518555
1350309818.59,3.34594726562,-29.0184020996
1350309820.6,3.34594726562,-31.0821533203
1350309822.61,3.34594726562,-27.1835327148
1350309824.61,3.35021972656,-31.8908691406
1350309826.62,3.35021972656,-27.172088623
1350309828.62,3.34930419922,-31.9938659668
1350309830.63,3.35113525391,-31.5628051758
1350309832.64,3.34503173828,-28.8848876953
1350309834.64,3.35540771484,-30.7197570801
1350309836.65,3.35784912109,-28.694152832
1350309838.65,3.36090087891,-31.120300293
1350309840.66,3.36364746094,-30.0140380859
1350309842.66,3.35845947266,-28.1867980957
1350309844.67,3.36547851562,-32.6843261719
1350309846.68,3.35784912109,-27.2674560547
1350309848.68,3.37341308594,-29.9186706543
1350309850.69,3.36456298828,-28.2287597656
1350309852.69,3.36761474609,-31.4292907715
1350309854.7,3.36486816406,-27.1453857422
1350309856.7,3.36334228516,-29.0412902832
1350309858.71,3.36883544922,-32.1083068848
1350309860.72,3.36791992188,-31.2080383301
1350309862.72,3.36791992188,-28.4309387207
1350309864.73,3.37036132812,-31.0478210449
1350309866.73,3.36364746094,-29.0489196777
1350309868.74,3.37066650391,-27.9731750488
1350309870.75,3.37585449219,-29.3769836426
1350309872.75,3.38500976562,-31.8870544434
1350309874.76,3.37127685547,-28.6140441895
1350309876.76,3.37677001953,-31.4979553223
1350309878.77,3.37371826172,-31.4254760742
1350309880.77,3.37554931641,-28.4004211426
1350309882.78,3.38836669922,-28.5377502441
1350309884.78,3.37463378906,-31.9328308105
1350309886.79,3.37371826172,-28.491973877
1350309888.79,3.38226318359,-31.4483642578
