1350309890.8,3.37493896484,-28.9039611816
1350309892.81,3.38226318359,-33.3557128906
1350309894.81,3.37463378906,-29.541015625
1350309896.82,3.37493896484,-26.8287658691
1350309898.82,3.37738037109,-31.1164855957
1350309900.83,3.3837890625,-31.9786071777
1350309902.84,3.38134765625,-29.9415588379
1350309904.84,3.38928222656,-30.2276611328
1350309906.85,3.39111328125,-31.1737060547
1350309908.85,3.37829589844,-31.7115783691
1350309910.86,3.38592529297,-27.4925231934
1350309912.87,3.38256835938,-29.9797058105
1350309914.88,3.38348388672,-28.0609130859
1350309916.88,3.38104248047,-30.5061340332
1350309918.89,3.38317871094,-29.0908813477
1350309920.9,3.38592529297,-30.7426452637
1350309922.91,3.38897705078,-31.8908691406
1350309924.91,3.38928222656,-30.948638916
1350309926.93,3.39050292969,-30.948638916
1350309928.93,3.39263916016,-32.8025817871
1350309930.94,3.3837890625,-27.416229248
1350309932.95,3.38897705078,-30.5290222168
1350309934.95,3.38928222656,-30.6396484375
1350309936.96,3.39569091797,-32.886505127
1350309938.97,3.39782714844,-32.1769714355
1350309940.97,3.39141845703,-27.5573730469
1350309942.98,3.39141845703,-27.9197692871
1350309944.99,3.39477539062,-29.0336608887
1350309946.99,3.38653564453,-27.7519226074
1350309949.0,3.38745117188,-26.7333984375
1350309951.0,3.39538574219,-31.3186645508
1350309953.01,3.41125488281,-29.4075012207
1350309955.02,3.39172363281,-27.3475646973
1350309957.02,3.39904785156,-28.8276672363
1350309959.03,3.38958740234,-30.8494567871
1350309961.03,3.39538574219,-27.9769897461
1350309963.04,3.39569091797,-26.969909668
1350309965.04,3.39782714844,-28.3508300781
1350309967.05,3.39630126953,-26.3137817383
1350309969.06,3.39874267578,-32.0892333984
1350309971.06,3.39324951172,-28.694152832
1350309973.07,3.39721679688,-27.2598266602
1350309975.07,3.40454101562,-32.1769714355
1350309977.08,3.40270996094,-31.0821533203
1350309979.08,3.40179443359,-32.7949523926
1350309981.09,3.39202880859,-31.2194824219
1350309983.1,3.40270996094,-27.400970459
1350309985.1,3.39782714844,-30.4527282715
1350309987.11,3.39691162109,-29.8728942871
1350309989.11,3.40667724609,-32.543182373
1350309991.12,3.4033203125,-33.0200195312
1350309993.12,3.40545654297,-30.4222106934
1350309995.13,3.39813232422,-28.8848876953
1350309997.14,3.40393066406,-26.2794494629
1350309999.14,3.40240478516,-30.5061340332
1350310001.15,3.40637207031,-29.6897888184
1350310003.15,3.40057373047,-30.5328369141
1350310005.16,3.3984375,-29.8767089844
1350310007.16,3.39996337891,-27.0767211914
1350310009.17,3.40545654297,-27.9388427734
1350310011.18,3.40942382812,-30.7807922363
1350310013.18,3.41888427734,-32.5508117676
1350310015.19,3.40484619141,-30.5862426758
1350310017.19,3.41125488281,-29.7698974609
1350310019.2,3.40118408203,-28.9344787598
1350310021.2,3.40728759766,-32.8254699707
1350310023.21,3.40240478516,-29.4761657715
1350310025.21,3.40454101562,-28.6865234375
1350310027.22,3.40545654297,-27.1263122559
1350310029.23,3.41766357422,-30.8227539062
1350310031.23,3.41247558594,-31.421661377
1350310033.24,3.41033935547,-31.9366455078
1350310035.24,3.40728759766,-28.6903381348
1350310037.25,3.41003417969,-27.9426574707
1350310039.25,3.41339111328,-30.7540893555
1350310041.26,3.41339111328,-32.1655273438
1350310043.27,3.41125488281,-30.5480957031
1350310045.27,3.41064453125,-28.148651123
1350310047.28,3.41278076172,-30.834197998
1350310049.28,3.41491699219,-31.8794250488
1350310051.29,3.41461181641,-32.0510864258
1350310053.29,3.41003417969,-29.8690795898
1350310055.3,3.41186523438,-26.7906188965
1350310057.3,3.41949462891,-29.6669006348
1350310059.31,3.41491699219,-31.5895080566
1350310061.31,3.40728759766,-29.125213623
1350310063.32,3.41186523438,-27.4047851562
1350310065.33,3.41918945312,-28.7475585938
1350310067.33,3.41857910156,-31.3835144043
1350310069.34,3.40759277344,-29.670715332
1350310071.34,3.41247558594,-30.76171875
1350310073.35,3.41186523438,-29.6592712402
1350310075.35,3.41583251953,-29.9339294434
1350310077.36,3.42041015625,-31.5551757812
1350310079.36,3.41522216797,-30.1895141602
1350310081.37,3.41339111328,-28.3317565918
1350310083.38,3.41674804688,-28.8925170898
1350310085.38,3.42254638672,-31.6543579102
1350310087.39,3.41369628906,-30.3230285645
