1350310486.55,3.46160888672,-27.8282165527
1350310488.56,3.45794677734,-27.7824401855
1350310490.56,3.46221923828,-32.2341918945
1350310492.57,3.46374511719,-31.1088562012
1350310494.58,3.46649169922,-33.088684082
1350310496.58,3.4619140625,-28.1105041504
1350310498.59,3.45428466797,-31.9061279297
1350310500.6,3.466796875,-31.5628051758
1350310502.6,3.46923828125,-31.0554504395
1350310504.61,3.46649169922,-27.6222229004
1350310506.62,3.46496582031,-28.8200378418
1350310508.62,3.4619140625,-28.1181335449
1350310510.63,3.46038818359,-30.0407409668
1350310512.63,3.46313476562,-27.458190918
1350310514.64,3.46557617188,-30.3382873535
1350310516.65,3.46008300781,-29.3426513672
1350310518.65,3.46984863281,-29.5295715332
1350310520.66,3.46588134766,-28.4118652344
1350310522.66,3.46374511719,-27.5650024414
1350310524.67,3.46893310547,-28.148651123
1350310526.68,3.46954345703,-30.3421020508
1350310528.68,3.46343994141,-27.1110534668
1350310530.69,3.46954345703,-28.3241271973
1350310532.7,3.46771240234,-30.5290222168
1350310534.7,3.46160888672,-29.0908813477
1350310536.71,3.46435546875,-29.956817627
1350310538.71,3.47381591797,-30.8532714844
1350310540.72,3.47442626953,-30.9715270996
1350310542.73,3.46343994141,-27.8625488281
1350310544.73,3.47442626953,-32.6232910156
1350310546.74,3.46221923828,-28.4080505371
1350310548.75,3.46649169922,-32.470703125
1350310550.75,3.47503662109,-31.8069458008
1350310552.76,3.46801757812,-31.1737060547
1350310554.76,3.46557617188,-28.1372070312
1350310556.77,3.46282958984,-27.4124145508
1350310558.78,3.46282958984,-28.247833252
1350310560.78,3.46801757812,-32.1578979492
1350310562.79,3.46130371094,-26.5426635742
1350310564.79,3.46008300781,-28.4576416016
1350310566.8,3.46862792969,-30.7540893555
1350310568.81,3.46435546875,-29.4609069824
1350310570.81,3.46771240234,-29.2663574219
1350310572.82,3.46862792969,-27.3704528809
1350310574.83,3.47015380859,-27.9197692871
1350310576.83,3.46649169922,-31.2271118164
1350310578.84,3.46282958984,-29.0718078613
1350310580.85,3.46557617188,-28.247833252
1350310582.85,3.46923828125,-28.2135009766
1350310584.86,3.47686767578,-29.0870666504
1350310586.87,3.47747802734,-28.5835266113
1350310588.87,3.46801757812,-27.027130127
1350310590.88,3.47076416016,-31.3034057617
1350310592.88,3.46588134766,-27.2445678711
1350310594.89,3.47412109375,-31.9061279297
1350310596.9,3.4716796875,-31.5246582031
1350310598.9,3.4716796875,-28.2249450684
1350310600.91,3.46954345703,-31.0707092285
1350310602.91,3.47290039062,-30.1933288574
1350310604.92,3.46832275391,-30.0254821777
1350310606.93,3.47137451172,-28.9154052734
1350310608.93,3.46984863281,-27.3742675781
1350310610.94,3.48052978516,-31.1660766602
1350310612.94,3.47351074219,-30.3344726562
1350310614.95,3.47717285156,-30.2391052246
1350310616.95,3.47015380859,-32.5889587402
1350310618.96,3.47229003906,-31.7687988281
1350310620.97,3.47045898438,-28.636932373
1350310622.97,3.47900390625,-30.7159423828
1350310624.98,3.46710205078,-27.3208618164
1350310626.98,3.47900390625,-31.2347412109
1350310628.99,3.47686767578,-30.6510925293
1350310631.0,3.47198486328,-31.7687988281
1350310633.0,3.47259521484,-31.1851501465
1350310635.01,3.48388671875,-29.0603637695
1350310637.01,3.47747802734,-28.3355712891
1350310639.02,3.47015380859,-28.4881591797
1350310641.03,3.47442626953,-30.517578125
1350310643.03,3.48602294922,-32.5813293457
1350310645.04,3.47137451172,-29.9835205078
1350310647.04,3.46984863281,-28.7971496582
1350310649.05,3.48022460938,-30.387878418
1350310651.06,3.47869873047,-33.6990356445
1350310653.06,3.47839355469,-30.9181213379
1350310655.07,3.46832275391,-28.5987854004
1350310657.08,3.46954345703,-26.8592834473
1350310659.08,3.46649169922,-29.369354248
1350310661.09,3.47351074219,-31.177520752
1350310663.09,3.47412109375,-29.6974182129
1350310665.1,3.47137451172,-27.5688171387
1350310667.11,3.4765625,-28.0570983887
1350310669.11,3.47473144531,-30.3840637207
1350310671.12,3.47259521484,-27.8930664062
1350310673.12,3.48388671875,-32.886505127
1350310675.13,3.47717285156,-29.9758911133
1350310677.14,3.4814453125,-29.8652648926
1350310679.14,3.48724365234,-30.7312011719
1350310681.15,3.48175048828,-32.7072143555
1350310683.15,3.47869873047,-28.3966064453
