1350312273.91,3.66180419922,-28.1143188477
1350312275.91,3.72650146484,-31.3453674316
1350312277.92,3.70788574219,-28.247833252
1350312279.92,3.70819091797,-30.6854248047
1350312281.93,3.39508056641,0.370025634766
1350312283.94,3.39416503906,0.381469726562
1350312285.94,3.38806152344,0.381469726562
1350312287.95,3.39019775391,0.377655029297
1350312289.95,3.38928222656,0.431060791016
1350312291.96,3.38409423828,0.389099121094
1350312293.96,3.38653564453,0.370025634766
1350312295.97,3.38562011719,0.328063964844
1350312297.97,3.38531494141,0.396728515625
1350312299.98,3.38989257812,0.30517578125
1350312301.99,3.38348388672,0.411987304688
1350312303.99,3.38287353516,0.373840332031
1350312306.0,3.38348388672,0.537872314453
1350312308.0,3.38165283203,0.385284423828
1350312310.01,3.38684082031,0.507354736328
1350312312.01,3.38104248047,0.3662109375
1350312314.02,3.38073730469,0.30517578125
1350312316.02,3.37982177734,0.385284423828
1350312318.03,3.37951660156,0.385284423828
1350312320.04,3.37677001953,0.331878662109
1350312322.04,3.37890625,0.381469726562
1350312324.05,3.37615966797,0.411987304688
1350312326.05,3.37738037109,0.381469726562
1350312328.06,3.37707519531,0.350952148438
1350312330.06,3.37860107422,0.381469726562
1350312332.07,3.37707519531,0.354766845703
1350312334.08,3.38409423828,0.373840332031
1350312336.08,3.37646484375,0.385284423828
1350312338.09,3.3740234375,0.373840332031
1350312340.09,3.36853027344,0.392913818359
1350312342.1,3.37585449219,0.396728515625
1350312344.1,3.37554931641,0.453948974609
1350312346.11,3.37463378906,0.381469726562
1350312348.12,3.37432861328,0.381469726562
1350312350.13,3.37463378906,0.385284423828
1350312352.13,3.37432861328,0.396728515625
1350312354.14,3.37249755859,0.347137451172
1350312356.15,3.37310791016,0.358581542969
1350312358.15,3.37127685547,0.3662109375
1350312360.16,3.37219238281,0.358581542969
1350312362.17,3.37341308594,0.350952148438
1350312364.18,3.37219238281,0.335693359375
1350312366.18,3.36975097656,0.373840332031
1350312368.19,3.12164306641,25.8483886719
1350312370.19,3.08532714844,26.1192321777
1350312372.2,3.08044433594,26.1154174805
1350312374.21,3.11401367188,26.3595581055
1350312376.21,3.07342529297,25.9628295898
1350312378.22,3.05755615234,25.9475708008
1350312380.22,3.056640625,25.8369445801
1350312382.23,3.05267333984,25.8941650391
1350312384.23,3.05053710938,25.8827209473
1350312386.24,3.04840087891,25.8750915527
1350312388.24,3.04229736328,25.8407592773
1350312390.25,3.04504394531,25.8445739746
1350312392.25,3.03924560547,25.8140563965
1350312394.26,3.04718017578,25.9284973145
1350312396.27,3.03802490234,25.7987976074
1350312398.27,3.03619384766,25.7759094238
1350312400.28,3.03985595703,25.8255004883
1350312402.28,3.03436279297,25.764465332
1350312404.29,3.03649902344,25.7835388184
1350312406.29,3.03497314453,25.7797241211
1350312408.3,3.0322265625,25.7263183594
1350312410.3,3.03283691406,25.7148742676
1350312412.31,3.03894042969,25.7530212402
1350312414.32,3.03070068359,25.7835388184
1350312416.32,3.03649902344,25.9132385254
1350312418.33,3.02856445312,25.764465332
1350312420.33,3.01940917969,25.7835388184
1350312422.34,3.33160400391,0.389099121094
1350312424.34,3.33404541016,0.331878662109
1350312426.35,3.33526611328,0.381469726562
1350312428.36,3.33984375,0.457763671875
1350312430.36,3.33984375,0.370025634766
1350312432.37,3.33435058594,0.431060791016
1350312434.37,3.34197998047,0.446319580078
1350312436.38,3.34197998047,0.514984130859
1350312438.38,3.34594726562,0.450134277344
1350312440.39,3.33923339844,0.392913818359
1350312442.39,3.34564208984,0.396728515625
1350312444.4,3.34930419922,0.541687011719
1350312446.41,3.34686279297,0.419616699219
1350312448.41,3.34716796875,0.434875488281
1350312450.42,3.34930419922,0.373840332031
1350312452.42,3.34869384766,0.358581542969
1350312454.43,3.34838867188,0.469207763672
1350312456.43,3.34930419922,0.385284423828
1350312458.44,3.35327148438,0.518798828125
1350312460.44,3.34991455078,0.415802001953
1350312462.45,3.35388183594,0.381469726562
1350312464.46,3.34838867188,0.434875488281
1350312466.46,3.35021972656,0.434875488281
1350312468.47,3.35113525391,0.457763671875
1350312470.47,3.35113525391,0.392913818359
