1350310883.73,3.49273681641,-28.3584594727
1350310885.74,3.49273681641,-31.4025878906
1350310887.74,3.48693847656,-28.8467407227
1350310889.75,3.49487304688,-30.7273864746
1350310891.75,3.48876953125,-30.3611755371
1350310893.76,3.49609375,-31.7306518555
1350310895.76,3.48785400391,-29.857635498
1350310897.77,3.49792480469,-30.6091308594
1350310899.78,3.47930908203,-30.9181213379
1350310901.78,3.49029541016,-27.9235839844
1350310903.79,3.48693847656,-27.961730957
1350310905.79,3.49487304688,-32.9933166504
1350310907.8,3.49945068359,-32.5088500977
1350310909.81,3.48754882812,-28.3355712891
1350310911.81,3.49792480469,-32.3524475098
1350310913.82,3.49456787109,-31.3529968262
1350310915.82,3.48754882812,-27.0385742188
1350310917.83,3.49975585938,-30.6739807129
1350310919.83,3.486328125,-28.995513916
1350310921.84,3.50250244141,-31.7115783691
1350310923.85,3.48327636719,-30.2467346191
1350310925.85,3.49487304688,-28.7780761719
1350310927.86,3.49395751953,-27.1682739258
1350310929.86,3.49182128906,-30.3726196289
1350310931.87,3.49517822266,-31.7840576172
1350310933.88,3.49334716797,-28.5491943359
1350310935.88,3.50311279297,-33.016204834
1350310937.89,3.48419189453,-27.3170471191
1350310939.89,3.50311279297,-29.4189453125
1350310941.9,3.49639892578,-31.0211181641
1350310943.91,3.4912109375,-27.8854370117
1350310945.91,3.49731445312,-31.4292907715
1350310947.92,3.49639892578,-27.1759033203
1350310949.92,3.49060058594,-29.6516418457
1350310951.93,3.50128173828,-30.0216674805
1350310953.93,3.49945068359,-31.9671630859
1350310955.94,3.49151611328,-30.1246643066
1350310957.95,3.50524902344,-27.5115966797
1350310959.95,3.49517822266,-31.25
1350310961.96,3.49700927734,-28.5186767578
1350310963.96,3.50036621094,-31.063079834
1350310965.97,3.49273681641,-28.3889770508
1350310967.97,3.49487304688,-31.551361084
1350310969.98,3.49365234375,-29.9301147461
1350310971.98,3.49731445312,-29.6363830566
1350310973.99,3.49792480469,-32.1350097656
1350310976.0,3.49853515625,-29.670715332
1350310978.0,3.50189208984,-31.8031311035
1350310980.01,3.49639892578,-29.1023254395
1350310982.01,3.50341796875,-28.7704467773
1350310984.02,3.50158691406,-31.2881469727
1350310986.02,3.49609375,-27.5115966797
1350310988.03,3.50189208984,-31.8183898926
1350310990.03,3.49151611328,-27.7519226074
1350310992.04,3.49914550781,-32.1922302246
1350310994.05,3.49761962891,-27.6527404785
1350310996.05,3.505859375,-32.1807861328
1350310998.06,3.49151611328,-28.0227661133
1350311000.06,3.49975585938,-30.8876037598
1350311002.07,3.49945068359,-28.1295776367
1350311004.07,3.50311279297,-27.9960632324
1350311006.08,3.49548339844,-27.8930664062
1350311008.09,3.49914550781,-29.9301147461
1350311010.09,3.49884033203,-28.5491943359
1350311012.1,3.39660644531,0.453948974609
1350311014.1,3.39050292969,0.377655029297
1350311016.11,3.38348388672,0.3662109375
1350311018.11,3.38348388672,0.392913818359
1350311020.12,3.38165283203,0.400543212891
1350311022.13,3.37921142578,0.381469726562
1350311024.13,3.37860107422,0.431060791016
1350311026.14,3.37738037109,0.396728515625
1350311028.14,3.37493896484,0.389099121094
1350311030.15,3.37219238281,0.354766845703
1350311032.15,3.37341308594,0.381469726562
1350311034.16,3.37005615234,0.354766845703
1350311036.16,3.37127685547,0.385284423828
1350311038.17,3.36791992188,0.446319580078
1350311040.18,3.36883544922,0.392913818359
1350311042.18,3.36822509766,0.385284423828
1350311044.19,3.36761474609,0.312805175781
1350311046.2,3.36578369141,0.343322753906
1350311048.2,3.36486816406,0.423431396484
1350311050.21,3.36395263672,0.316619873047
1350311052.22,3.36364746094,0.396728515625
1350311054.22,3.36364746094,0.381469726562
1350311056.23,3.35540771484,0.377655029297
1350311058.24,3.36212158203,0.411987304688
1350311060.24,3.36029052734,0.373840332031
1350311062.25,3.36334228516,0.373840332031
1350311064.25,3.35998535156,0.389099121094
1350311066.26,3.35723876953,0.354766845703
1350311068.27,3.35876464844,0.377655029297
1350311070.27,3.35754394531,0.347137451172
1350311072.28,3.36120605469,0.385284423828
1350311074.29,3.35662841797,0.362396240234
1350311076.29,3.36822509766,0.320434570312
1350311078.3,3.35632324219,0.392913818359
1350311080.3,3.36822509766,0.362396240234
