3.17352294922,27.2598266602
3.17504882812,27.2674560547
3.1689453125,27.2598266602
3.17565917969,27.2636413574
3.17291259766,27.2483825684
3.17535400391,27.286529541
3.17840576172,27.2445678711
3.17291259766,27.2598266602
3.17230224609,27.2636413574
3.17352294922,27.34375
3.17596435547,27.2369384766
3.18084716797,27.2102355957
3.17596435547,27.2560119629
3.17199707031,27.3780822754
3.17565917969,27.2750854492
3.17413330078,27.2521972656
3.17535400391,27.271270752
3.17718505859,27.2331237793
3.17504882812,27.2941589355
3.17504882812,27.2407531738
3.17749023438,27.2674560547
3.17504882812,27.2789001465
3.16864013672,27.1911621094
3.17565917969,27.2789001465
3.17626953125,27.2445678711
3.17504882812,27.2369384766
3.17230224609,27.2560119629
3.17504882812,27.2789001465
3.17474365234,27.271270752
3.17718505859,27.3246765137
3.17596435547,27.2636413574
3.17993164062,27.1339416504
3.17535400391,27.2445678711
3.17321777344,27.229309082
3.17596435547,27.2789001465
3.17230224609,27.2941589355
3.17474365234,27.2674560547
3.17596435547,27.2407531738
3.17596435547,27.1987915039
3.17321777344,27.2941589355
3.17565917969,27.2369384766
3.17504882812,27.2483825684
3.17504882812,27.2560119629
3.17535400391,27.2521972656
3.18145751953,27.1606445312
3.17535400391,27.229309082
3.18603515625,27.2483825684
3.17474365234,27.2560119629
3.17474365234,27.2483825684
3.17138671875,27.2750854492
3.17443847656,27.2979736328
3.17474365234,27.2445678711
3.18206787109,27.2636413574
3.17504882812,27.2636413574
3.17443847656,27.1453857422
3.17504882812,27.271270752
3.17535400391,27.2827148438
3.17016601562,27.2636413574
3.17535400391,27.2521972656
3.17626953125,27.271270752
3.17535400391,27.2369384766
3.17626953125,27.3056030273
3.17443847656,27.229309082
3.17443847656,27.286529541
3.17352294922,27.2521972656
3.16650390625,27.3857116699
3.17352294922,27.2750854492
3.17626953125,27.2560119629
3.17535400391,27.271270752
3.16619873047,27.2026062012
3.17443847656,27.2331237793
3.18298339844,27.2827148438
3.17474365234,27.2331237793
3.17413330078,27.2979736328
3.17565917969,27.2178649902
3.1689453125,27.156829834
3.17657470703,27.271270752
3.17291259766,27.2331237793
3.17535400391,27.2445678711
3.17474365234,27.286529541
3.19000244141,27.2216796875
3.17962646484,27.2521972656
3.17474365234,27.229309082
3.16986083984,27.2331237793
3.17687988281,27.2560119629
3.17504882812,27.2636413574
3.17474365234,27.2598266602
3.17443847656,27.2521972656
3.17352294922,27.2331237793
3.17474365234,27.2674560547
3.17596435547,27.2026062012
3.17443847656,27.271270752
3.17596435547,27.1949768066
3.17474365234,27.2941589355
3.18206787109,27.2560119629
3.17443847656,27.2521972656
3.17657470703,27.2521972656
3.17535400391,27.2674560547
3.17687988281,27.2674560547
