3.17077636719,27.229309082
3.17657470703,27.172088623
3.17016601562,27.1873474121
3.17016601562,27.2407531738
3.16528320312,27.1873474121
3.17047119141,27.2254943848
3.17016601562,27.2560119629
3.17016601562,27.2064208984
3.16986083984,27.3551940918
3.16986083984,27.2064208984
3.19091796875,27.1530151367
3.16986083984,27.2407531738
3.16955566406,27.1797180176
3.17077636719,27.1987915039
3.16986083984,27.2483825684
3.17047119141,27.2331237793
3.16955566406,27.214050293
3.16986083984,27.2636413574
3.17047119141,27.2369384766
3.1689453125,27.2102355957
3.16986083984,27.2521972656
3.17016601562,27.2789001465
3.17047119141,27.2445678711
3.173828125,27.2407531738
3.17108154297,27.2407531738
3.16986083984,27.2827148438
3.16986083984,27.1949768066
3.16925048828,27.2369384766
3.16558837891,27.0729064941
3.17016601562,27.2026062012
3.16314697266,27.3742675781
3.17016601562,27.2445678711
3.17504882812,27.2026062012
3.17077636719,27.2216796875
3.16772460938,27.3132324219
3.17016601562,27.2331237793
3.17047119141,27.229309082
3.16986083984,27.2064208984
3.16864013672,27.1949768066
3.16741943359,27.2102355957
3.17047119141,27.229309082
3.18298339844,27.2064208984
3.17047119141,27.2331237793
3.17657470703,27.1606445312
3.16986083984,27.2407531738
3.16253662109,27.156829834
3.16986083984,27.2102355957
3.16864013672,27.2216796875
3.17016601562,27.2369384766
3.17016601562,27.2445678711
3.17169189453,27.214050293
3.17016601562,27.2369384766
3.16558837891,27.156829834
3.16955566406,27.1949768066
3.16955566406,27.286529541
3.16986083984,27.2216796875
3.16741943359,27.2560119629
3.17047119141,27.1987915039
3.17108154297,27.2026062012
3.17108154297,27.2178649902
3.17016601562,27.2407531738
3.16925048828,27.2064208984
3.16833496094,27.2254943848
3.17016601562,27.2026062012
3.16528320312,27.3284912109
3.16955566406,27.2369384766
3.17474365234,27.229309082
3.16986083984,27.229309082
3.17535400391,27.1797180176
3.16955566406,27.2254943848
3.16833496094,27.2331237793
3.17047119141,27.2560119629
3.16986083984,27.2445678711
3.17779541016,27.3857116699
3.17016601562,27.214050293
3.17932128906,27.2216796875
3.16955566406,27.214050293
3.17016601562,27.2216796875
3.16986083984,27.1644592285
3.17199707031,27.1987915039
3.17047119141,27.2636413574
3.16955566406,27.3399353027
3.1689453125,27.2102355957
3.16955566406,27.2064208984
3.18176269531,27.229309082
3.17016601562,27.229309082
3.16986083984,27.4238586426
3.16986083984,27.2636413574
3.16345214844,27.3323059082
3.17016601562,27.2407531738
3.17077636719,27.2407531738
3.16955566406,27.2254943848
3.16711425781,27.2636413574
3.16680908203,27.2674560547
3.16955566406,27.271270752
3.17077636719,27.1987915039
3.16955566406,27.2331237793
3.1689453125,27.1530151367
3.16955566406,27.2521972656
