3.17077636719,27.2407531738
3.17108154297,27.2407531738
3.17321777344,27.2789001465
3.17199707031,27.2636413574
3.17260742188,27.2789001465
3.17199707031,27.2254943848
3.17199707031,27.2483825684
3.17138671875,27.229309082
3.17199707031,27.2636413574
3.17138671875,27.271270752
3.17230224609,27.2560119629
3.17199707031,27.2369384766
3.17108154297,27.0805358887
3.17199707031,27.2369384766
3.16131591797,27.3551940918
3.17169189453,27.229309082
3.17169189453,27.2369384766
3.17199707031,27.2598266602
3.17138671875,27.2178649902
3.17169189453,27.214050293
3.17169189453,27.2178649902
3.16467285156,27.2560119629
3.17230224609,27.2521972656
3.16680908203,27.2445678711
3.17169189453,27.2521972656
3.16680908203,27.4238586426
3.17169189453,27.2331237793
3.17230224609,27.2254943848
3.17138671875,27.271270752
3.17718505859,27.2331237793
3.17169189453,27.2026062012
3.17718505859,27.2636413574
3.17230224609,27.2254943848
3.16925048828,27.2827148438
3.17321777344,27.1987915039
3.17626953125,27.214050293
3.17199707031,27.1949768066
3.17138671875,27.2331237793
3.17077636719,27.1797180176
3.17230224609,27.2369384766
3.17016601562,27.1186828613
3.17199707031,27.2102355957
3.16314697266,27.3132324219
3.17169189453,27.2216796875
3.17932128906,27.2521972656
3.17260742188,27.2407531738
3.17199707031,27.1987915039
3.17108154297,27.2483825684
3.17108154297,27.2560119629
3.17291259766,27.229309082
3.17779541016,27.271270752
3.17230224609,27.2331237793
3.17169189453,27.2216796875
3.17504882812,27.1453857422
3.17138671875,27.2560119629
3.17199707031,27.2216796875
3.16864013672,27.0957946777
3.1689453125,27.2407531738
3.17199707031,27.2560119629
3.17321777344,27.2216796875
3.17474365234,27.229309082
3.17169189453,27.229309082
3.17230224609,27.2178649902
3.17504882812,27.2331237793
3.19183349609,27.1530151367
3.17199707031,27.2369384766
3.17169189453,27.2483825684
3.17169189453,27.229309082
3.16986083984,27.1797180176
3.17169189453,27.2598266602
3.17108154297,27.2026062012
3.17749023438,27.2483825684
3.17260742188,27.2369384766
3.18481445312,27.2521972656
3.17169189453,27.2331237793
3.17291259766,27.3208618164
3.17169189453,27.2331237793
3.16802978516,27.3704528809
3.17108154297,27.2483825684
3.17413330078,27.2483825684
3.17199707031,27.2674560547
3.17169189453,27.2407531738
3.17230224609,27.2560119629
3.17016601562,27.2445678711
3.17352294922,27.2521972656
3.17108154297,27.2064208984
3.1689453125,27.2216796875
3.17138671875,27.229309082
3.17474365234,27.1186828613
3.17047119141,27.2407531738
3.17565917969,27.1759033203
3.17169189453,27.2254943848
3.1689453125,27.214050293
3.17199707031,27.2254943848
3.17169189453,27.2560119629
3.16864013672,27.2026062012
3.17352294922,27.1644592285
3.16345214844,27.214050293
3.17199707031,27.2445678711
