3.16802978516,27.2331237793
3.16986083984,27.1530151367
3.16833496094,27.2026062012
3.16741943359,27.1949768066
3.16864013672,27.172088623
3.16955566406,27.2216796875
3.16864013672,27.2216796875
3.17230224609,27.1186828613
3.16864013672,27.1911621094
3.16741943359,27.3017883301
3.16833496094,27.2064208984
3.16864013672,27.1682739258
3.16955566406,27.2254943848
3.16497802734,27.229309082
3.16925048828,27.1873474121
3.16802978516,27.172088623
3.16589355469,27.1949768066
3.16558837891,27.2064208984
3.16864013672,27.2369384766
3.17413330078,27.1759033203
3.16833496094,27.214050293
3.16558837891,27.1759033203
3.16802978516,27.1949768066
3.16040039062,27.1759033203
3.16833496094,27.2483825684
3.17657470703,27.1606445312
3.16864013672,27.2254943848
3.16864013672,27.1911621094
3.16772460938,27.2560119629
3.16802978516,27.229309082
3.16436767578,27.1835327148
3.16589355469,27.1873474121
3.16833496094,27.1949768066
3.16864013672,27.2102355957
3.16925048828,27.214050293
3.16925048828,27.2369384766
3.16101074219,27.214050293
3.16833496094,27.2102355957
3.16741943359,27.1949768066
3.16833496094,27.2331237793
3.16345214844,27.1987915039
3.16772460938,27.1835327148
3.17596435547,27.214050293
3.16864013672,27.2102355957
3.16802978516,27.1606445312
3.17413330078,27.156829834
3.16772460938,27.2483825684
3.15948486328,27.2827148438
3.16833496094,27.214050293
3.16802978516,27.2445678711
3.1689453125,27.1797180176
3.16741943359,27.2445678711
3.16741943359,27.2254943848
3.16680908203,27.1987915039
3.17077636719,27.2064208984
3.16711425781,27.2331237793
3.16223144531,27.1949768066
3.16833496094,27.2407531738
3.16986083984,27.2369384766
3.16802978516,27.2026062012
3.17077636719,27.229309082
3.16741943359,27.1873474121
3.17321777344,27.1606445312
3.16802978516,27.1759033203
3.16711425781,27.229309082
3.16802978516,27.172088623
3.16833496094,27.1949768066
3.16528320312,27.2560119629
3.16864013672,27.229309082
3.16864013672,27.172088623
3.16802978516,27.2254943848
3.16711425781,27.1530151367
3.16802978516,27.2254943848
3.16497802734,27.1987915039
3.16772460938,27.1911621094
3.16589355469,27.3857116699
3.16772460938,27.2064208984
3.16528320312,27.2026062012
3.16802978516,27.1797180176
3.16955566406,27.229309082
3.17077636719,27.2407531738
3.16802978516,27.2178649902
3.16741943359,27.2827148438
3.16772460938,27.1835327148
3.17199707031,27.2941589355
3.16802978516,27.2026062012
3.16162109375,27.2178649902
3.16802978516,27.1644592285
3.1689453125,27.1835327148
3.16741943359,27.1987915039
3.16864013672,27.2407531738
3.173828125,27.2178649902
3.16619873047,27.2331237793
3.17077636719,27.2445678711
3.16680908203,27.2636413574
3.16680908203,27.2102355957
3.17291259766,27.2102355957
3.16772460938,27.172088623
3.16741943359,27.214050293
