3.16864013672,27.1987915039
3.16833496094,27.2254943848
3.16650390625,27.4085998535
3.16925048828,27.1949768066
3.16650390625,27.2026062012
3.16955566406,27.2598266602
3.16986083984,27.172088623
3.16986083984,27.2636413574
3.17108154297,27.2331237793
3.17138671875,27.1873474121
3.16955566406,27.2369384766
3.16680908203,27.1987915039
3.16955566406,27.214050293
3.16864013672,27.229309082
3.18176269531,27.1224975586
3.16772460938,27.214050293
3.17687988281,27.1797180176
3.16925048828,27.2331237793
3.17932128906,27.156829834
3.16986083984,27.2102355957
3.17657470703,27.2483825684
3.16986083984,27.2254943848
3.17047119141,27.2445678711
3.16955566406,27.2102355957
3.16986083984,27.214050293
3.17321777344,27.3704528809
3.17047119141,27.2369384766
3.16680908203,27.1949768066
3.16986083984,27.2331237793
3.17749023438,27.172088623
3.16925048828,27.2254943848
3.16314697266,27.1759033203
3.16955566406,27.2064208984
3.16864013672,27.1453857422
3.16955566406,27.1987915039
3.17016601562,27.2064208984
3.16986083984,27.2979736328
3.16925048828,27.1911621094
3.16619873047,27.2483825684
3.17047119141,27.214050293
3.17474365234,27.3704528809
3.16680908203,27.2331237793
3.17138671875,27.214050293
3.16955566406,27.2102355957
3.17230224609,27.2560119629
3.16986083984,27.2254943848
3.16864013672,27.214050293
3.16497802734,27.2254943848
3.16864013672,27.2026062012
3.16802978516,27.2979736328
3.16925048828,27.2216796875
3.16497802734,27.1759033203
3.16955566406,27.1759033203
3.19061279297,27.2560119629
3.16925048828,27.2407531738
3.16619873047,27.229309082
3.16925048828,27.2102355957
3.16833496094,27.2178649902
3.17352294922,27.2026062012
3.16955566406,27.2254943848
3.16345214844,27.3170471191
3.16955566406,27.2216796875
3.16040039062,27.2026062012
3.16925048828,27.1873474121
3.16375732422,27.1072387695
3.16986083984,27.2369384766
3.16955566406,27.1987915039
3.1689453125,27.229309082
3.16925048828,27.2407531738
3.18298339844,27.1911621094
3.1689453125,27.2331237793
3.16955566406,27.2560119629
3.16925048828,27.214050293
3.16833496094,27.2407531738
3.16864013672,27.214050293
3.17077636719,27.3666381836
3.16955566406,27.2407531738
3.1640625,27.2216796875
3.16925048828,27.2102355957
3.16833496094,27.3094177246
3.16925048828,27.2331237793
3.1640625,27.2979736328
3.16986083984,27.2178649902
3.16772460938,27.2026062012
3.17108154297,27.5192260742
3.16925048828,27.1873474121
3.16802978516,27.2064208984
3.16955566406,27.229309082
3.1689453125,27.2331237793
3.16925048828,27.229309082
3.14880371094,27.2483825684
3.16925048828,27.2102355957
3.17016601562,27.1797180176
3.16955566406,27.2254943848
3.173828125,27.1797180176
3.16925048828,27.2102355957
3.16864013672,27.1873474121
3.16802978516,27.2369384766
3.16802978516,27.2254943848
