3.14086914062,26.7601013184
3.14239501953,26.7715454102
3.14331054688,26.7066955566
3.14208984375,26.7562866211
3.14239501953,26.7333984375
3.14147949219,26.741027832
3.14422607422,26.7715454102
3.14208984375,26.8173217773
3.13903808594,26.7028808594
3.14208984375,26.7753601074
3.14117431641,26.7677307129
3.1396484375,26.6876220703
3.13995361328,26.7715454102
3.14178466797,26.7715454102
3.14056396484,26.7524719238
3.14300537109,26.7524719238
3.14239501953,26.7524719238
3.14178466797,26.782989502
3.13995361328,26.6876220703
3.14086914062,26.7524719238
3.14117431641,26.7639160156
3.14117431641,26.8058776855
3.14056396484,26.782989502
3.13110351562,26.8020629883
3.14025878906,26.798248291
3.14056396484,26.8020629883
3.13873291016,26.782989502
3.13995361328,26.7906188965
3.13995361328,26.7677307129
3.13049316406,26.7295837402
3.14025878906,26.782989502
3.14025878906,26.7753601074
3.15155029297,26.7448425293
3.1396484375,26.7868041992
3.1396484375,26.782989502
3.14758300781,26.741027832
3.1396484375,26.7906188965
3.14025878906,26.7639160156
3.14025878906,26.798248291
3.13995361328,26.7868041992
3.13934326172,26.782989502
3.13934326172,26.7486572266
3.14025878906,26.7944335938
3.16009521484,26.7562866211
3.13873291016,26.7677307129
3.13873291016,26.7639160156
3.13354492188,26.9622802734
3.13751220703,26.8058776855
3.13873291016,26.7677307129
3.13812255859,26.8058776855
3.13385009766,26.7333984375
3.1396484375,26.7219543457
3.13873291016,26.7715454102
3.13873291016,26.798248291
3.14117431641,26.7639160156
3.13812255859,26.7677307129
3.13812255859,26.7791748047
3.13537597656,26.7105102539
3.13873291016,26.7601013184
3.13781738281,26.7715454102
3.13507080078,26.7715454102
3.13812255859,26.7791748047
3.13720703125,26.7944335938
3.14697265625,26.7868041992
3.14331054688,26.7181396484
3.13873291016,26.7677307129
3.13720703125,26.7524719238
3.13232421875,26.7868041992
3.13690185547,26.7677307129
3.13720703125,26.7562866211
3.13568115234,26.6609191895
3.13873291016,26.7791748047
3.13812255859,26.741027832
3.12957763672,26.725769043
3.13873291016,26.7486572266
3.13659667969,26.7601013184
3.13385009766,26.9203186035
3.13629150391,26.741027832
3.13690185547,26.7677307129
3.14666748047,26.7372131348
3.13690185547,26.7295837402
3.13598632812,26.7372131348
3.13995361328,26.7639160156
3.13598632812,26.7601013184
3.13598632812,26.7333984375
3.13293457031,26.8630981445
3.13568115234,26.8211364746
3.13568115234,26.7524719238
3.14697265625,26.683807373
3.13568115234,26.7639160156
3.13568115234,26.8020629883
3.13598632812,26.7448425293
3.13537597656,26.7639160156
3.13507080078,26.7791748047
3.13934326172,26.7448425293
3.13293457031,26.8478393555
3.13903808594,26.725769043
3.134765625,26.7601013184
3.134765625,26.7524719238
