3.13232421875,0.587463378906
3.13201904297,0.411987304688
3.13629150391,0.431060791016
3.1298828125,0.419616699219
3.13385009766,0.453948974609
3.13415527344,0.453948974609
3.13415527344,0.415802001953
3.13568115234,0.453948974609
3.13262939453,0.404357910156
3.14117431641,0.377655029297
3.13446044922,0.461578369141
3.13629150391,0.396728515625
3.13659667969,0.431060791016
3.13568115234,0.434875488281
3.13629150391,0.476837158203
3.13629150391,0.438690185547
3.13690185547,0.434875488281
3.12225341797,0.431060791016
3.13690185547,0.442504882812
3.13598632812,0.453948974609
3.13751220703,0.419616699219
3.13812255859,0.450134277344
3.13446044922,0.415802001953
3.13720703125,0.419616699219
3.14056396484,0.442504882812
3.14056396484,0.396728515625
3.13812255859,0.400543212891
3.13842773438,0.461578369141
3.13842773438,0.476837158203
3.13842773438,0.446319580078
3.13812255859,0.438690185547
3.13873291016,0.419616699219
3.13842773438,0.411987304688
3.13720703125,0.499725341797
3.14910888672,0.423431396484
3.1396484375,0.442504882812
3.14056396484,0.408172607422
3.14086914062,0.400543212891
3.13812255859,0.446319580078
3.14910888672,0.408172607422
3.14331054688,0.42724609375
3.14025878906,0.408172607422
3.14025878906,0.381469726562
3.13934326172,0.511169433594
3.14117431641,0.408172607422
3.14086914062,0.438690185547
3.14117431641,0.453948974609
3.14117431641,0.450134277344
3.14208984375,0.473022460938
3.14575195312,0.415802001953
3.14208984375,0.453948974609
3.14178466797,0.42724609375
3.14178466797,0.438690185547
3.14056396484,0.453948974609
3.14178466797,0.434875488281
3.14239501953,0.431060791016
3.14300537109,0.446319580078
3.14208984375,0.408172607422
3.13934326172,0.576019287109
3.15551757812,0.308990478516
3.13110351562,0.30517578125
3.14331054688,0.423431396484
3.14331054688,0.411987304688
3.14422607422,0.450134277344
3.14392089844,0.465393066406
3.14422607422,0.438690185547
3.14392089844,0.392913818359
3.14392089844,0.469207763672
3.14575195312,0.42724609375
3.15399169922,0.411987304688
3.15734863281,0.381469726562
3.14086914062,0.358581542969
3.14483642578,0.461578369141
3.14483642578,0.434875488281
3.14453125,0.423431396484
3.14575195312,0.453948974609
3.13995361328,0.396728515625
3.14727783203,0.396728515625
3.14392089844,0.438690185547
3.14514160156,0.404357910156
3.14544677734,0.431060791016
3.14422607422,0.42724609375
3.14392089844,0.457763671875
3.14575195312,0.408172607422
3.14300537109,0.446319580078
3.15185546875,0.343322753906
3.14605712891,0.473022460938
3.14575195312,0.411987304688
3.14575195312,0.453948974609
3.14636230469,0.461578369141
3.14636230469,0.400543212891
3.14575195312,0.392913818359
3.14788818359,0.556945800781
3.14636230469,0.431060791016
3.14636230469,0.423431396484
3.14636230469,0.457763671875
3.14697265625,0.438690185547
3.14666748047,0.423431396484
3.13598632812,0.476837158203
