3.18481445312,27.4124145508
3.17657470703,27.3971557617
3.18389892578,27.4085998535
3.18176269531,27.3361206055
3.18756103516,27.3971557617
3.19091796875,27.3513793945
3.18939208984,27.4314880371
3.18481445312,27.4047851562
3.18328857422,27.3780822754
3.18389892578,27.416229248
3.18115234375,27.3971557617
3.18328857422,27.3895263672
3.18206787109,27.4200439453
3.18359375,27.3742675781
3.18145751953,27.3551940918
3.18389892578,27.4314880371
3.18084716797,27.3551940918
3.18450927734,27.4200439453
3.17413330078,27.3475646973
3.18389892578,27.4047851562
3.18389892578,27.5192260742
3.18420410156,27.3780822754
3.18298339844,27.4353027344
3.18389892578,27.3666381836
3.18420410156,27.3475646973
3.18359375,27.3704528809
3.18328857422,27.400970459
3.18389892578,27.416229248
3.18359375,27.3857116699
3.18206787109,27.3513793945
3.18359375,27.3628234863
3.18206787109,27.3551940918
3.18389892578,27.3933410645
3.18817138672,27.3551940918
3.18389892578,27.4047851562
3.18054199219,27.3513793945
3.18298339844,27.3818969727
3.17962646484,27.3933410645
3.18328857422,27.3780822754
3.18450927734,27.4085998535
3.18359375,27.3513793945
3.18481445312,27.3933410645
3.18572998047,27.2979736328
3.18328857422,27.3704528809
3.19122314453,27.3780822754
3.18328857422,27.3857116699
3.18206787109,27.4391174316
3.18328857422,27.3628234863
3.18176269531,27.3513793945
3.18328857422,27.416229248
3.18115234375,27.4085998535
3.17840576172,27.3857116699
3.18267822266,27.3170471191
3.18267822266,27.3628234863
3.18298339844,27.4314880371
3.16925048828,27.5993347168
3.18267822266,27.3933410645
3.18389892578,27.3971557617
3.18206787109,27.4200439453
3.18359375,27.3818969727
3.18267822266,27.3857116699
3.18176269531,27.3780822754
3.18420410156,27.3933410645
3.17352294922,27.3666381836
3.18328857422,27.3857116699
3.18664550781,27.3590087891
3.18359375,27.3818969727
3.18603515625,27.3704528809
3.18298339844,27.3666381836
3.17932128906,27.3857116699
3.18298339844,27.3666381836
3.18450927734,27.3704528809
3.18389892578,27.3666381836
3.18176269531,27.3971557617
3.18359375,27.4238586426
3.18267822266,27.3818969727
3.18267822266,27.3818969727
3.18359375,27.3704528809
3.18298339844,27.3895263672
3.18206787109,27.3475646973
3.17047119141,27.3284912109
3.18267822266,27.3628234863
3.17626953125,27.3475646973
3.18084716797,27.3475646973
3.18511962891,27.5077819824
3.18267822266,27.416229248
3.18420410156,27.3971557617
3.18420410156,27.3551940918
3.18389892578,27.3475646973
3.18237304688,27.3704528809
3.18206787109,27.3704528809
3.18206787109,27.3818969727
3.18267822266,27.3704528809
3.18511962891,27.2789001465
3.18176269531,27.4085998535
3.18481445312,27.2789001465
3.18237304688,27.3742675781
3.18267822266,27.416229248
3.18023681641,27.3246765137
