3.16741943359,0.446319580078
3.16589355469,0.457763671875
3.16680908203,0.526428222656
3.16497802734,0.42724609375
3.16589355469,0.438690185547
3.16833496094,0.42724609375
3.16558837891,0.419616699219
3.16619873047,0.545501708984
3.16680908203,0.442504882812
3.16741943359,0.434875488281
3.1640625,0.438690185547
3.16741943359,0.606536865234
3.17474365234,0.377655029297
3.16619873047,0.42724609375
3.16650390625,0.461578369141
3.16955566406,0.431060791016
3.17016601562,0.411987304688
3.16558837891,0.392913818359
3.16741943359,0.408172607422
3.16741943359,0.408172607422
3.16467285156,0.446319580078
3.16101074219,0.659942626953
3.16680908203,0.434875488281
3.16741943359,0.476837158203
3.16558837891,0.415802001953
3.16284179688,0.461578369141
3.16772460938,0.267028808594
3.16650390625,0.446319580078
3.16650390625,0.434875488281
3.16619873047,0.411987304688
3.16680908203,0.431060791016
3.16680908203,0.453948974609
3.16711425781,0.450134277344
3.16741943359,0.434875488281
3.16375732422,0.514984130859
3.16741943359,0.442504882812
3.16680908203,0.431060791016
3.16741943359,0.431060791016
3.16375732422,0.415802001953
3.16314697266,0.484466552734
3.16741943359,0.415802001953
3.16741943359,0.415802001953
3.16833496094,0.434875488281
3.16864013672,0.530242919922
3.16772460938,0.450134277344
3.16955566406,0.461578369141
3.16772460938,0.434875488281
3.16101074219,0.469207763672
3.16680908203,0.450134277344
3.16864013672,0.423431396484
3.17474365234,0.461578369141
3.16864013672,0.411987304688
3.16802978516,0.419616699219
3.16741943359,0.453948974609
3.16741943359,0.400543212891
3.16833496094,0.42724609375
3.16802978516,0.556945800781
3.17352294922,0.396728515625
3.16802978516,0.465393066406
3.16833496094,0.419616699219
3.16802978516,0.438690185547
3.17138671875,0.434875488281
3.17352294922,0.446319580078
3.16772460938,0.442504882812
3.16772460938,0.42724609375
3.16833496094,0.431060791016
3.16772460938,0.469207763672
3.16131591797,0.453948974609
3.1689453125,0.373840332031
3.16223144531,0.54931640625
3.16741943359,0.431060791016
3.16833496094,0.42724609375
3.16772460938,0.438690185547
3.16925048828,0.411987304688
3.16741943359,0.396728515625
3.16833496094,0.457763671875
3.16772460938,0.453948974609
3.17077636719,0.438690185547
3.16711425781,0.381469726562
3.16467285156,0.431060791016
3.16864013672,0.404357910156
3.16680908203,0.480651855469
3.16375732422,0.431060791016
3.17047119141,0.457763671875
3.16833496094,0.423431396484
3.16864013672,0.461578369141
3.16680908203,0.442504882812
3.16040039062,0.411987304688
3.1689453125,0.446319580078
3.16802978516,0.423431396484
3.16833496094,0.408172607422
3.16955566406,0.408172607422
3.17993164062,0.438690185547
3.16833496094,0.465393066406
3.16833496094,0.446319580078
3.16802978516,0.408172607422
3.17047119141,0.530242919922
3.17077636719,0.354766845703
3.16833496094,0.434875488281
