3.08197021484,25.936126709
3.06823730469,25.9704589844
3.06610107422,25.9284973145
3.06182861328,25.8560180664
3.06030273438,25.8636474609
3.05755615234,25.8827209473
3.05389404297,25.806427002
3.05053710938,25.7720947266
3.04809570312,25.6958007812
3.04443359375,25.7453918457
3.04168701172,25.7034301758
3.03863525391,25.7186889648
3.03588867188,25.6996154785
3.03344726562,25.6118774414
3.03009033203,25.6233215332
3.02673339844,25.6195068359
3.02642822266,25.5851745605
3.02062988281,25.6309509277
3.01483154297,25.6958007812
3.01727294922,25.5241394043
3.01452636719,25.4859924316
3.01177978516,25.4669189453
3.01025390625,25.447845459
3.00598144531,25.4249572754
3.00476074219,25.3219604492
3.00567626953,25.3372192383
3.00170898438,25.3524780273
2.99926757812,25.3486633301
2.99713134766,25.3105163574
2.99530029297,25.2380371094
2.99224853516,25.2838134766
3.0615234375,0.431060791016
3.07312011719,0.446319580078
3.07891845703,0.434875488281
3.08624267578,0.453948974609
3.08319091797,0.469207763672
3.0810546875,0.514984130859
3.09143066406,0.381469726562
3.09143066406,0.434875488281
3.09539794922,0.431060791016
3.09417724609,0.469207763672
3.10089111328,0.431060791016
3.10119628906,0.411987304688
3.10028076172,0.438690185547
3.10119628906,0.408172607422
3.11248779297,0.408172607422
3.10394287109,0.450134277344
3.10211181641,0.392913818359
3.10638427734,0.419616699219
3.10760498047,0.434875488281
3.10852050781,0.438690185547
3.10974121094,0.438690185547
3.11004638672,0.415802001953
3.11157226562,0.400543212891
3.10577392578,0.514984130859
3.10974121094,0.343322753906
3.11187744141,0.377655029297
3.115234375,0.400543212891
3.11553955078,0.423431396484
3.11676025391,0.453948974609
3.11676025391,0.438690185547
3.11767578125,0.442504882812
3.11767578125,0.450134277344
3.11920166016,0.446319580078
3.11950683594,0.423431396484
3.11950683594,0.453948974609
3.11981201172,0.431060791016
3.11431884766,0.164031982422
3.12744140625,0.362396240234
3.12133789062,0.381469726562
3.12377929688,0.514984130859
3.12438964844,0.461578369141
3.12347412109,0.450134277344
3.12286376953,0.411987304688
3.12438964844,0.419616699219
3.12530517578,0.484466552734
3.12469482422,0.415802001953
3.12316894531,0.48828125
3.13385009766,0.343322753906
3.12652587891,0.576019287109
3.12896728516,0.442504882812
3.12774658203,0.438690185547
3.12866210938,0.415802001953
3.12866210938,0.42724609375
3.12744140625,0.431060791016
3.12927246094,0.446319580078
3.12835693359,0.446319580078
3.12957763672,0.423431396484
3.13201904297,0.461578369141
3.12896728516,0.465393066406
3.12866210938,0.560760498047
3.13140869141,0.404357910156
3.12438964844,0.453948974609
3.13201904297,0.423431396484
3.13140869141,0.434875488281
3.13201904297,0.42724609375
3.13232421875,0.373840332031
3.13232421875,0.465393066406
3.13293457031,0.423431396484
