3.12713623047,26.6876220703
3.12805175781,26.6532897949
3.12896728516,26.6876220703
3.12683105469,26.6799926758
3.12957763672,26.6609191895
3.12622070312,26.7219543457
3.12591552734,26.683807373
3.12713623047,26.725769043
3.134765625,26.7486572266
3.12561035156,26.7105102539
3.12774658203,26.6571044922
3.12683105469,26.7028808594
3.12469482422,26.6456604004
3.12683105469,26.6914367676
3.12591552734,26.6990661621
3.13995361328,26.6036987305
3.12713623047,26.6723632812
3.12561035156,26.7066955566
3.11920166016,26.7486572266
3.12774658203,26.668548584
3.12438964844,26.6952514648
3.12774658203,26.7677307129
3.12469482422,26.6990661621
3.12591552734,26.6876220703
3.12561035156,26.6723632812
3.12561035156,26.7143249512
3.12683105469,26.7295837402
3.12408447266,26.683807373
3.12622070312,26.725769043
3.12530517578,26.6723632812
3.1298828125,26.7143249512
3.12591552734,26.7143249512
3.12377929688,26.6914367676
3.11828613281,26.5846252441
3.12408447266,26.7066955566
3.12438964844,26.7028808594
3.11920166016,26.6609191895
3.12561035156,26.6609191895
3.12438964844,26.6914367676
3.12408447266,26.6647338867
3.12438964844,26.6418457031
3.20526123047,0.465393066406
3.20892333984,0.423431396484
3.21533203125,0.473022460938
3.21624755859,0.469207763672
3.21960449219,0.442504882812
3.22296142578,0.453948974609
3.23089599609,0.556945800781
3.22875976562,0.442504882812
3.22723388672,0.343322753906
3.22967529297,0.484466552734
3.23272705078,0.434875488281
3.23303222656,0.362396240234
3.23455810547,0.484466552734
3.23577880859,0.453948974609
3.25103759766,0.3662109375
3.23791503906,0.450134277344
3.23944091797,0.431060791016
3.23059082031,0.545501708984
3.24127197266,0.434875488281
3.24279785156,0.434875488281
3.24279785156,0.48828125
3.24432373047,0.480651855469
3.24005126953,0.404357910156
3.24554443359,0.423431396484
3.33129882812,-29.1061401367
3.34503173828,-30.0521850586
3.34625244141,-27.4276733398
3.34991455078,-28.1295776367
3.35662841797,-31.0440063477
3.35662841797,-29.1213989258
3.36395263672,-29.4723510742
3.27331542969,0.362396240234
3.26751708984,0.377655029297
3.26446533203,0.560760498047
3.26843261719,0.396728515625
3.26751708984,0.396728515625
3.26629638672,0.438690185547
3.26721191406,0.442504882812
3.26416015625,0.392913818359
3.18786621094,27.1415710449
3.18115234375,27.0957946777
3.17504882812,27.0309448242
3.17352294922,27.042388916
3.16864013672,27.0652770996
3.16864013672,26.9813537598
3.16650390625,26.9966125488
3.16131591797,26.9775390625
3.16284179688,26.9012451172
3.16101074219,26.9241333008
3.17138671875,26.912689209
3.1591796875,26.8859863281
3.15612792969,26.8440246582
3.15338134766,26.8249511719
3.15490722656,26.8363952637
3.15124511719,26.8936157227
3.154296875,26.8135070801
3.15185546875,26.8096923828
3.15155029297,26.798248291
