3.10699462891,0.469207763672
3.11248779297,0.442504882812
3.11004638672,0.442504882812
3.11004638672,0.446319580078
3.11492919922,0.377655029297
3.11401367188,0.446319580078
3.11370849609,0.42724609375
3.11828613281,0.396728515625
3.11462402344,0.499725341797
3.11553955078,0.461578369141
3.10699462891,0.438690185547
3.11126708984,0.476837158203
3.11950683594,0.438690185547
3.11767578125,0.453948974609
3.1201171875,0.579833984375
3.11950683594,0.438690185547
3.12347412109,0.450134277344
3.12286376953,0.453948974609
3.11981201172,0.431060791016
3.12255859375,0.667572021484
3.1298828125,0.442504882812
3.12286376953,0.42724609375
3.12316894531,0.385284423828
3.12042236328,0.408172607422
3.12438964844,0.434875488281
3.12774658203,0.400543212891
3.12225341797,0.465393066406
3.12530517578,0.530242919922
3.13018798828,0.534057617188
3.12652587891,0.446319580078
3.12683105469,0.446319580078
3.13659667969,0.385284423828
3.12835693359,0.431060791016
3.12835693359,0.457763671875
3.125,0.411987304688
3.13262939453,0.473022460938
3.13171386719,0.484466552734
3.12957763672,0.469207763672
3.13049316406,0.434875488281
3.12591552734,0.431060791016
3.13446044922,0.446319580078
3.13049316406,0.438690185547
3.21533203125,-29.8500061035
3.21899414062,-29.1175842285
3.23333740234,-31.8450927734
3.23913574219,-28.5224914551
3.23913574219,-27.6222229004
3.24340820312,-30.9677124023
3.25134277344,-31.1851501465
3.24951171875,-27.9846191406
3.25836181641,-31.4178466797
3.25775146484,-27.3551940918
3.26171875,-30.704498291
3.26904296875,-28.7857055664
3.26812744141,-28.3203125
3.26995849609,-30.3688049316
3.28033447266,-29.4227600098
3.19946289062,0.389099121094
3.19671630859,0.350952148438
3.19152832031,0.415802001953
3.18969726562,0.389099121094
3.19152832031,0.373840332031
3.18756103516,0.404357910156
3.18695068359,0.457763671875
3.18511962891,0.392913818359
3.18420410156,0.347137451172
3.18481445312,0.408172607422
3.18267822266,0.415802001953
3.18176269531,0.377655029297
3.18115234375,0.381469726562
3.18603515625,0.335693359375
3.17993164062,0.354766845703
3.18023681641,0.431060791016
3.18145751953,0.419616699219
3.17962646484,0.392913818359
3.1787109375,0.30517578125
3.17779541016,0.415802001953
3.17901611328,0.400543212891
3.18450927734,0.347137451172
3.17779541016,0.400543212891
3.17535400391,0.423431396484
3.17565917969,0.339508056641
3.17657470703,0.385284423828
3.17657470703,0.225067138672
3.17687988281,0.392913818359
3.17352294922,0.396728515625
3.18023681641,0.3662109375
3.17474365234,0.400543212891
3.17901611328,0.392913818359
3.17657470703,0.389099121094
3.17626953125,0.377655029297
3.17474365234,0.434875488281
3.17504882812,0.396728515625
3.17230224609,0.370025634766
3.10760498047,26.180267334
3.09600830078,26.3061523438
3.09783935547,26.1116027832
3.08471679688,26.0391235352
3.08013916016,26.0391235352
