2.98156738281,25.2304077148
2.98034667969,25.2494812012
2.97943115234,25.276184082
2.97912597656,25.2685546875
2.97821044922,25.2494812012
2.98309326172,25.0816345215
2.97271728516,25.1960754395
2.97637939453,25.2456665039
2.97760009766,25.1960754395
2.96630859375,25.1808166504
2.98004150391,25.2838134766
2.97424316406,25.1770019531
2.97393798828,25.1846313477
2.97119140625,25.1731872559
2.97821044922,25.0549316406
2.97149658203,25.1770019531
2.97119140625,25.1655578613
2.96966552734,25.1350402832
2.97149658203,25.1502990723
2.97210693359,25.1045227051
2.96417236328,25.1808166504
2.96020507812,25.1846313477
2.96966552734,25.1884460449
2.96508789062,25.1274108887
2.96539306641,25.1426696777
2.9638671875,25.1045227051
2.96478271484,25.1197814941
2.97271728516,24.9900817871
2.96600341797,25.0587463379
2.96173095703,25.089263916
2.96142578125,25.0663757324
2.97119140625,25.0778198242
2.96051025391,25.1121520996
2.96051025391,25.0701904297
2.95837402344,25.0701904297
2.95959472656,25.1350402832
2.95745849609,24.9938964844
2.95593261719,24.9900817871
2.9541015625,25.0473022461
2.95867919922,24.9938964844
2.95104980469,25.0701904297
2.95227050781,25.0015258789
2.95196533203,24.9938964844
2.95257568359,24.8985290527
2.95043945312,24.959564209
2.94952392578,24.959564209
2.94799804688,24.9977111816
2.95074462891,24.9824523926
2.94677734375,24.9710083008
2.94586181641,24.9519348145
2.94555664062,24.9900817871
2.93548583984,24.9252319336
2.9443359375,24.9366760254
2.94281005859,24.9328613281
2.94342041016,24.8603820801
3.01422119141,0.450134277344
3.02703857422,0.446319580078
3.0322265625,0.431060791016
3.03894042969,0.442504882812
3.04595947266,0.461578369141
3.04779052734,0.411987304688
3.04504394531,0.377655029297
3.05969238281,0.450134277344
3.05755615234,0.415802001953
3.05969238281,0.434875488281
3.06793212891,0.473022460938
3.06549072266,0.446319580078
3.06762695312,0.453948974609
3.07769775391,0.396728515625
3.0712890625,0.373840332031
3.07403564453,0.453948974609
3.07556152344,0.404357910156
3.07861328125,0.476837158203
3.07952880859,0.423431396484
3.07983398438,0.518798828125
3.08502197266,0.465393066406
3.08410644531,0.457763671875
3.08380126953,0.408172607422
3.08654785156,0.438690185547
3.08868408203,0.453948974609
3.09265136719,0.419616699219
3.0908203125,0.415802001953
3.09204101562,0.438690185547
3.09112548828,0.331878662109
3.09295654297,0.457763671875
3.09600830078,0.453948974609
3.10455322266,0.423431396484
3.09509277344,0.476837158203
3.10302734375,0.450134277344
3.09814453125,0.469207763672
3.10333251953,0.553131103516
3.10180664062,0.442504882812
3.10760498047,0.461578369141
3.10485839844,0.408172607422
3.10485839844,0.450134277344
3.10791015625,0.411987304688
3.11340332031,0.396728515625
3.10760498047,0.415802001953
3.10882568359,0.392913818359
