3.19580078125,27.5497436523
3.20068359375,27.5344848633
3.19671630859,27.6336669922
3.20007324219,27.6298522949
3.19763183594,27.5764465332
3.20007324219,27.6069641113
3.20007324219,27.5840759277
3.20068359375,27.5688171387
3.19976806641,27.5917053223
3.19854736328,27.5535583496
3.19946289062,27.6145935059
3.19885253906,27.5993347168
3.19763183594,27.5573730469
3.19976806641,27.587890625
3.20068359375,27.5917053223
3.20098876953,27.5955200195
3.19244384766,27.5344848633
3.20068359375,27.5917053223
3.19854736328,27.5611877441
3.20892333984,27.5421142578
3.19854736328,27.5840759277
3.19854736328,27.5573730469
3.19641113281,27.6107788086
3.19854736328,27.5535583496
3.203125,27.5917053223
3.1982421875,27.6069641113
3.18481445312,27.645111084
3.19793701172,27.5573730469
3.19671630859,27.6641845703
3.19763183594,27.5764465332
3.19732666016,27.6145935059
3.19549560547,27.5459289551
3.19702148438,27.5917053223
3.19793701172,27.5497436523
3.19732666016,27.5840759277
3.19396972656,27.4963378906
3.19732666016,27.5955200195
3.18450927734,27.3971557617
3.19793701172,27.6260375977
3.19732666016,27.5535583496
3.20037841797,27.5421142578
3.19427490234,27.5268554688
3.19702148438,27.5611877441
3.19732666016,27.6298522949
3.19671630859,27.5650024414
3.19396972656,27.6374816895
3.19549560547,27.5268554688
3.19549560547,27.5688171387
3.19671630859,27.5421142578
3.19885253906,27.5688171387
3.19580078125,27.5382995605
3.19641113281,27.5230407715
3.19427490234,27.5611877441
3.19641113281,27.5650024414
3.19549560547,27.5077819824
3.19549560547,27.660369873
3.19580078125,27.5535583496
3.19549560547,27.5421142578
3.20098876953,27.5230407715
3.19610595703,27.5535583496
3.19549560547,27.5535583496
3.20434570312,27.5115966797
3.19580078125,27.530670166
3.18969726562,27.5688171387
3.19488525391,27.5077819824
3.19549560547,27.5726318359
3.19549560547,27.5230407715
3.19396972656,27.5192260742
3.19580078125,27.5192260742
3.19610595703,27.5230407715
3.193359375,27.473449707
3.19488525391,27.5344848633
3.19213867188,27.5573730469
3.19488525391,27.515411377
3.19305419922,27.5077819824
3.19427490234,27.5230407715
3.19427490234,27.515411377
3.18481445312,27.5802612305
3.193359375,27.5001525879
3.193359375,27.5344848633
3.19305419922,27.5497436523
3.18939208984,27.7099609375
3.19427490234,27.5344848633
3.21014404297,27.4429321289
3.19458007812,27.5230407715
3.19580078125,27.5344848633
3.19366455078,27.5459289551
3.19732666016,27.530670166
3.19366455078,27.5459289551
3.19396972656,27.5077819824
3.19366455078,27.530670166
3.18511962891,27.5955200195
3.193359375,27.5001525879
3.19366455078,27.530670166
3.19488525391,27.5459289551
3.19366455078,27.4925231934
3.19549560547,27.4620056152
3.19305419922,27.4696350098
3.20190429688,27.4505615234
