3.18634033203,27.4314880371
3.18084716797,27.4238586426
3.18634033203,27.4429321289
3.18359375,27.4124145508
3.18786621094,27.4276733398
3.18420410156,27.3246765137
3.18572998047,27.4085998535
3.18511962891,27.3895263672
3.19488525391,27.4047851562
3.18603515625,27.4467468262
3.18450927734,27.3017883301
3.18572998047,27.4085998535
3.18603515625,27.3628234863
3.18664550781,27.4314880371
3.18267822266,27.4200439453
3.18603515625,27.4238586426
3.18725585938,27.3857116699
3.18542480469,27.4085998535
3.18511962891,27.473449707
3.18420410156,27.3971557617
3.18572998047,27.3780822754
3.18634033203,27.4276733398
3.18572998047,27.4429321289
3.18176269531,27.4124145508
3.18542480469,27.4238586426
3.18267822266,27.5993347168
3.18511962891,27.4047851562
3.18481445312,27.4085998535
3.18542480469,27.4314880371
3.18939208984,27.3742675781
3.18572998047,27.4047851562
3.18511962891,27.4276733398
3.18511962891,27.4429321289
3.18572998047,27.3971557617
3.18664550781,27.3551940918
3.18572998047,27.4620056152
3.17565917969,27.4200439453
3.18481445312,27.4238586426
3.18603515625,27.5192260742
3.18603515625,27.3857116699
3.18206787109,27.4696350098
3.18572998047,27.3857116699
3.18298339844,27.5917053223
3.18634033203,27.4391174316
3.18511962891,27.3590087891
3.18511962891,27.416229248
3.18450927734,27.4047851562
3.19763183594,27.6336669922
3.18511962891,27.4238586426
3.18115234375,27.4047851562
3.18481445312,27.4085998535
3.18817138672,27.5382995605
3.18511962891,27.4467468262
3.18206787109,27.3895263672
3.18511962891,27.400970459
3.18481445312,27.3132324219
3.18481445312,27.4085998535
3.18359375,27.4085998535
3.18511962891,27.3933410645
3.18634033203,27.4124145508
3.18511962891,27.3094177246
3.18481445312,27.4200439453
3.18969726562,27.416229248
3.18511962891,27.4353027344
3.18389892578,27.3475646973
3.18481445312,27.4238586426
3.18511962891,27.3857116699
3.18634033203,27.4200439453
3.18237304688,27.4200439453
3.18450927734,27.4200439453
3.18481445312,27.4276733398
3.18420410156,27.3971557617
3.18420410156,27.3818969727
3.18634033203,27.4124145508
3.18634033203,27.4238586426
3.17901611328,27.3666381836
3.18511962891,27.3780822754
3.18634033203,27.2064208984
3.18450927734,27.4124145508
3.18023681641,27.4200439453
3.18450927734,27.4047851562
3.18359375,27.3857116699
3.18481445312,27.400970459
3.18206787109,27.416229248
3.18389892578,27.416229248
3.18756103516,27.416229248
3.18298339844,27.3590087891
3.18511962891,27.4085998535
3.17901611328,27.3742675781
3.18511962891,27.4391174316
3.18450927734,27.3742675781
3.18420410156,27.4124145508
3.18389892578,27.5268554688
3.18450927734,27.416229248
3.18084716797,27.3895263672
3.18450927734,27.4238586426
3.18511962891,27.416229248
3.18664550781,27.4200439453
3.18389892578,27.3628234863
