3.16314697266,27.0385742188
3.16070556641,27.1301269531
3.15673828125,27.0652770996
3.15948486328,27.1186828613
3.15887451172,27.1148681641
3.16009521484,27.1186828613
3.16009521484,27.1339416504
3.1640625,27.229309082
3.16040039062,27.1301269531
3.15734863281,27.0957946777
3.16192626953,27.1759033203
3.15948486328,27.0042419434
3.16131591797,27.1072387695
3.15948486328,27.1224975586
3.16253662109,27.0881652832
3.15887451172,27.156829834
3.1494140625,27.1110534668
3.16101074219,27.1415710449
3.16009521484,27.1644592285
3.16009521484,27.1987915039
3.15979003906,27.0881652832
3.16040039062,27.0881652832
3.16192626953,27.1110534668
3.1591796875,27.1377563477
3.15765380859,27.1072387695
3.15948486328,27.099609375
3.16131591797,27.1759033203
3.16070556641,27.1148681641
3.1591796875,27.0729064941
3.16192626953,26.969909668
3.15887451172,27.1186828613
3.1591796875,27.214050293
3.16009521484,27.1148681641
3.15887451172,27.1377563477
3.15490722656,27.0195007324
3.1591796875,27.1110534668
3.15704345703,27.1186828613
3.1591796875,27.172088623
3.15856933594,27.1263122559
3.15155029297,27.1797180176
3.15826416016,27.1224975586
3.15551757812,27.0843505859
3.15765380859,27.1224975586
3.15826416016,27.1148681641
3.15521240234,27.1224975586
3.15795898438,27.1377563477
3.15582275391,27.1148681641
3.15795898438,27.1110534668
3.14880371094,26.9966125488
3.15887451172,27.0576477051
3.15734863281,27.1072387695
3.16131591797,27.0042419434
3.15826416016,27.1339416504
3.15734863281,27.1148681641
3.15521240234,27.2064208984
3.15765380859,27.0957946777
3.15734863281,27.1530151367
3.15856933594,27.0347595215
3.15673828125,27.0957946777
3.15765380859,27.0614624023
3.15704345703,27.1186828613
3.15582275391,27.0652770996
3.15582275391,27.1034240723
3.15521240234,27.1034240723
3.14880371094,27.2979736328
3.15643310547,27.1110534668
3.15399169922,27.0957946777
3.15612792969,27.0919799805
3.15704345703,27.1377563477
3.15460205078,27.0957946777
3.15612792969,27.0690917969
3.15612792969,27.1606445312
3.15093994141,27.0805358887
3.15368652344,27.0805358887
3.15521240234,27.1186828613
3.15460205078,27.0767211914
3.15795898438,27.0004272461
3.15521240234,27.0843505859
3.15460205078,27.0614624023
3.15887451172,27.099609375
3.15612792969,27.0767211914
3.15032958984,27.1377563477
3.15521240234,27.1224975586
3.15185546875,27.0233154297
3.15826416016,27.0500183105
3.15551757812,27.099609375
3.15948486328,27.1224975586
3.15521240234,27.1072387695
3.16253662109,27.0805358887
3.15460205078,27.042388916
3.154296875,27.0690917969
3.15490722656,27.1072387695
3.15521240234,27.1034240723
3.15368652344,27.1339416504
3.15765380859,27.1263122559
3.15124511719,27.0652770996
3.15460205078,27.0805358887
3.16223144531,27.0538330078
3.15399169922,27.0843505859
