3.18054199219,27.3208618164
3.17779541016,27.3246765137
3.18206787109,27.3361206055
3.18023681641,27.3323059082
3.18695068359,27.2598266602
3.18084716797,27.3475646973
3.18542480469,27.3056030273
3.18023681641,27.3323059082
3.17535400391,27.4620056152
3.17932128906,27.3170471191
3.18084716797,27.3017883301
3.18054199219,27.3551940918
3.19305419922,27.2750854492
3.17993164062,27.2979736328
3.17810058594,27.3132324219
3.17993164062,27.2827148438
3.18023681641,27.3399353027
3.17810058594,27.3361206055
3.17993164062,27.3017883301
3.17535400391,27.515411377
3.17993164062,27.3017883301
3.18328857422,27.3132324219
3.18023681641,27.3208618164
3.18176269531,27.3056030273
3.18084716797,27.34375
3.18176269531,27.3628234863
3.17993164062,27.3475646973
3.17840576172,27.34375
3.18023681641,27.2903442383
3.18084716797,27.286529541
3.17626953125,27.3513793945
3.18054199219,27.3246765137
3.19854736328,27.2598266602
3.18054199219,27.3246765137
3.18237304688,27.2369384766
3.18054199219,27.3323059082
3.18542480469,27.2102355957
3.17962646484,27.2979736328
3.18023681641,27.286529541
3.18084716797,27.3094177246
3.17932128906,27.3132324219
3.18237304688,27.3361206055
3.17932128906,27.2979736328
3.17443847656,27.2750854492
3.17993164062,27.3056030273
3.17779541016,27.3208618164
3.17993164062,27.3284912109
3.18420410156,27.3628234863
3.17962646484,27.3628234863
3.17962646484,27.2750854492
3.17962646484,27.2979736328
3.1787109375,27.3551940918
3.17962646484,27.286529541
3.18389892578,27.3742675781
3.17993164062,27.3170471191
3.19061279297,27.2941589355
3.17901611328,27.3246765137
3.17993164062,27.2407531738
3.17993164062,27.3284912109
3.18176269531,27.3208618164
3.17962646484,27.2941589355
3.17962646484,27.4047851562
3.18023681641,27.3361206055
3.18023681641,27.286529541
3.17810058594,27.2407531738
3.18023681641,27.2903442383
3.18725585938,27.3361206055
3.17993164062,27.2941589355
3.17291259766,27.3704528809
3.17932128906,27.2979736328
3.17810058594,27.3017883301
3.18054199219,27.2789001465
3.18023681641,27.3094177246
3.17626953125,27.3017883301
3.17932128906,27.286529541
3.18786621094,27.2827148438
3.18023681641,27.3017883301
3.19061279297,27.1949768066
3.17962646484,27.2903442383
3.18664550781,27.2407531738
3.17932128906,27.3132324219
3.18084716797,27.2789001465
3.17810058594,27.2598266602
3.17932128906,27.3323059082
3.17474365234,27.1530151367
3.17962646484,27.3513793945
3.18115234375,27.286529541
3.17993164062,27.2941589355
3.17810058594,27.4848937988
3.17901611328,27.3170471191
3.18359375,27.2827148438
3.17932128906,27.2789001465
3.18725585938,27.3208618164
3.17932128906,27.271270752
3.17993164062,27.2979736328
3.18481445312,27.271270752
3.17932128906,27.3056030273
3.17413330078,27.4963378906
3.17962646484,27.286529541
