3.17138671875,27.2254943848
3.17199707031,27.2216796875
3.17016601562,27.286529541
3.17169189453,27.2636413574
3.17443847656,27.3628234863
3.17199707031,27.214050293
3.17169189453,27.2407531738
3.17199707031,27.1949768066
3.17169189453,27.2789001465
3.17077636719,27.2445678711
3.17199707031,27.2521972656
3.17565917969,27.2102355957
3.17108154297,27.3208618164
3.17199707031,27.2636413574
3.16650390625,27.2483825684
3.17169189453,27.2445678711
3.17138671875,27.2331237793
3.17169189453,27.2102355957
3.17169189453,27.2483825684
3.17138671875,27.2102355957
3.17108154297,27.2064208984
3.16375732422,27.3208618164
3.17108154297,27.2254943848
3.1787109375,27.0881652832
3.17138671875,27.2369384766
3.17199707031,27.2903442383
3.17413330078,27.3094177246
3.17108154297,27.2178649902
3.17230224609,27.1682739258
3.17108154297,27.2178649902
3.17352294922,27.2369384766
3.17077636719,27.229309082
3.17077636719,27.3780822754
3.17138671875,27.2445678711
3.16802978516,27.3323059082
3.17108154297,27.214050293
3.17077636719,27.1949768066
3.17230224609,27.2521972656
3.17016601562,27.1987915039
3.17169189453,27.2483825684
3.17230224609,27.2445678711
3.18145751953,27.1797180176
3.17230224609,27.2674560547
3.16558837891,27.2331237793
3.17077636719,27.229309082
3.17535400391,27.1415710449
3.17199707031,27.2102355957
3.17108154297,27.229309082
3.17108154297,27.2102355957
3.16314697266,27.2026062012
3.17108154297,27.2636413574
3.17169189453,27.1682739258
3.17169189453,27.2026062012
3.17413330078,27.2102355957
3.17138671875,27.214050293
3.17047119141,27.2521972656
3.17016601562,27.271270752
3.17047119141,27.214050293
3.16955566406,27.1224975586
3.17108154297,27.2064208984
3.16802978516,27.2178649902
3.17108154297,27.2369384766
3.16009521484,27.2979736328
3.17169189453,27.2407531738
3.16711425781,27.2445678711
3.17047119141,27.2254943848
3.16833496094,27.2102355957
3.17108154297,27.2483825684
3.17077636719,27.2483825684
3.17169189453,27.2178649902
3.17138671875,27.2598266602
3.16955566406,27.2521972656
3.17138671875,27.2407531738
3.17443847656,27.2483825684
3.17077636719,27.2483825684
3.17108154297,27.1263122559
3.17108154297,27.2674560547
3.16223144531,27.2026062012
3.17047119141,27.229309082
3.18054199219,27.2445678711
3.17108154297,27.2064208984
3.16711425781,27.2102355957
3.17108154297,27.2369384766
3.17108154297,27.2026062012
3.17077636719,27.229309082
3.17047119141,27.2216796875
3.17077636719,27.286529541
3.17199707031,27.2407531738
3.17108154297,27.1873474121
3.17108154297,27.229309082
3.17169189453,27.1148681641
3.17077636719,27.2483825684
3.16589355469,27.271270752
3.17077636719,27.2254943848
3.17687988281,27.2254943848
3.17077636719,27.2216796875
3.16986083984,27.229309082
3.17108154297,27.214050293
3.17108154297,27.271270752
