3.16833496094,27.1263122559
3.16436767578,27.1606445312
3.16497802734,27.1148681641
3.16436767578,27.1949768066
3.16772460938,27.1415710449
3.16131591797,27.1339416504
3.16436767578,27.1835327148
3.15521240234,27.1911621094
3.16497802734,27.1606445312
3.16436767578,27.1415710449
3.18237304688,27.2064208984
3.16467285156,27.1224975586
3.16345214844,27.1415710449
3.16070556641,27.1186828613
3.16589355469,27.1682739258
3.16223144531,27.214050293
3.16467285156,27.172088623
3.16253662109,27.0881652832
3.16467285156,27.1911621094
3.16192626953,27.1453857422
3.16436767578,27.172088623
3.17230224609,27.2789001465
3.16436767578,27.1415710449
3.17443847656,27.1186828613
3.16375732422,27.1682739258
3.15551757812,27.3933410645
3.16467285156,27.1224975586
3.16345214844,27.2483825684
3.16467285156,27.1415710449
3.16436767578,27.1339416504
3.16436767578,27.1682739258
3.16101074219,27.1759033203
3.16619873047,27.1873474121
3.16436767578,27.1987915039
3.16864013672,27.1911621094
3.16223144531,27.1835327148
3.15948486328,27.2254943848
3.16497802734,27.1530151367
3.16375732422,27.1644592285
3.16558837891,27.214050293
3.16375732422,27.3208618164
3.16467285156,27.1453857422
3.17749023438,27.1339416504
3.1640625,27.1530151367
3.16925048828,27.1682739258
3.16375732422,27.156829834
3.1640625,27.1873474121
3.16772460938,27.1415710449
3.16528320312,27.1835327148
3.16436767578,27.1644592285
3.16497802734,27.1911621094
3.16436767578,27.1911621094
3.16345214844,27.156829834
3.16467285156,27.1644592285
3.1640625,27.1644592285
3.16192626953,27.156829834
3.16467285156,27.1682739258
3.15887451172,27.0805358887
3.16223144531,27.156829834
3.16497802734,27.1644592285
3.16101074219,27.2178649902
3.16467285156,27.1682739258
3.16833496094,27.1263122559
3.16345214844,27.1873474121
3.16436767578,27.1835327148
3.16345214844,27.1873474121
3.16375732422,27.156829834
3.16619873047,27.1148681641
3.16192626953,27.1606445312
3.17047119141,27.1987915039
3.16375732422,27.1682739258
3.16223144531,27.1606445312
3.1640625,27.1682739258
3.16131591797,27.2102355957
3.16467285156,27.1644592285
3.16467285156,27.1339416504
3.16619873047,27.1987915039
3.16314697266,27.1873474121
3.16223144531,27.1606445312
3.16192626953,27.2216796875
3.16467285156,27.1606445312
3.16711425781,27.1492004395
3.16223144531,27.1644592285
3.16131591797,27.1682739258
3.16009521484,27.1606445312
3.16375732422,27.214050293
3.17169189453,27.0919799805
3.16314697266,27.1873474121
3.17138671875,27.1682739258
3.16375732422,27.1987915039
3.16040039062,27.0652770996
3.16375732422,27.1606445312
3.16467285156,27.1606445312
3.16558837891,27.1835327148
3.16284179688,27.2445678711
3.16436767578,27.156829834
3.16192626953,27.1873474121
3.16467285156,27.156829834
3.15643310547,27.1148681641
