3.17047119141,0.431060791016
3.17199707031,0.431060791016
3.17138671875,0.431060791016
3.17138671875,0.453948974609
3.17108154297,0.442504882812
3.16711425781,0.568389892578
3.16833496094,0.389099121094
3.17108154297,0.415802001953
3.17138671875,0.42724609375
3.17108154297,0.453948974609
3.17443847656,0.415802001953
3.16528320312,0.469207763672
3.16833496094,0.389099121094
3.17169189453,0.450134277344
3.17199707031,0.423431396484
3.16436767578,0.457763671875
3.17260742188,0.415802001953
3.17108154297,0.457763671875
3.1689453125,0.450134277344
3.16833496094,0.446319580078
3.16955566406,0.438690185547
3.17047119141,0.411987304688
3.17138671875,0.42724609375
3.17138671875,0.408172607422
3.17199707031,0.442504882812
3.17199707031,0.461578369141
3.17047119141,0.419616699219
3.16711425781,0.484466552734
3.16345214844,0.434875488281
3.17108154297,0.591278076172
3.17199707031,0.434875488281
3.17169189453,0.476837158203
3.17169189453,0.442504882812
3.16772460938,0.461578369141
3.17169189453,0.438690185547
3.17199707031,0.473022460938
3.16802978516,0.442504882812
3.17230224609,0.42724609375
3.17169189453,0.42724609375
3.17169189453,0.465393066406
3.17016601562,0.434875488281
3.17687988281,0.42724609375
3.16802978516,0.480651855469
3.17230224609,0.446319580078
3.17199707031,0.450134277344
3.17199707031,0.480651855469
3.17108154297,0.438690185547
3.17199707031,0.545501708984
3.16619873047,0.392913818359
3.16986083984,0.518798828125
3.17169189453,0.419616699219
3.17138671875,0.499725341797
3.17108154297,0.301361083984
3.17138671875,0.362396240234
3.17260742188,0.396728515625
3.17230224609,0.461578369141
3.17199707031,0.408172607422
3.17230224609,0.442504882812
3.17474365234,0.48828125
3.17108154297,0.450134277344
3.17199707031,0.408172607422
3.16955566406,0.423431396484
3.16741943359,0.415802001953
3.17169189453,0.446319580078
3.17199707031,0.438690185547
3.17413330078,0.457763671875
3.17260742188,0.404357910156
3.16772460938,0.446319580078
3.16467285156,0.438690185547
3.17077636719,0.404357910156
3.17260742188,0.473022460938
3.17321777344,0.526428222656
3.17169189453,0.514984130859
3.17474365234,0.274658203125
3.16772460938,0.453948974609
3.17291259766,0.431060791016
3.17199707031,0.450134277344
3.17230224609,0.423431396484
3.17352294922,0.438690185547
3.1787109375,0.339508056641
3.16833496094,0.473022460938
3.17565917969,0.408172607422
3.17199707031,0.446319580078
3.17199707031,0.434875488281
3.17260742188,0.431060791016
3.17993164062,0.629425048828
3.17108154297,0.442504882812
3.17230224609,0.465393066406
3.17230224609,0.476837158203
3.17535400391,0.461578369141
3.17260742188,0.442504882812
3.18206787109,0.381469726562
3.17291259766,0.514984130859
3.17199707031,0.461578369141
3.17321777344,0.461578369141
3.17230224609,0.411987304688
3.17321777344,0.431060791016
3.17199707031,0.484466552734
3.16741943359,0.423431396484
