3.10485839844,26.554107666
3.10455322266,26.496887207
3.10424804688,26.439666748
3.10119628906,26.4778137207
3.10424804688,26.5235900879
3.10394287109,26.4854431152
3.10363769531,26.4739990234
3.10363769531,26.5083312988
3.10638427734,26.4358520508
3.10333251953,26.4854431152
3.10516357422,26.4167785645
3.10211181641,26.4320373535
3.10272216797,26.481628418
3.10241699219,26.4778137207
3.10272216797,26.4511108398
3.10241699219,26.5350341797
3.10394287109,26.5007019043
3.10272216797,26.4663696289
3.09478759766,26.5960693359
3.10241699219,26.4778137207
3.10791015625,26.6036987305
3.10119628906,26.4892578125
3.10211181641,26.4358520508
3.10729980469,26.4129638672
3.10150146484,26.3862609863
3.10791015625,26.4549255371
3.10180664062,26.4625549316
3.10119628906,26.4587402344
3.09173583984,26.3938903809
3.1005859375,26.4663696289
3.09844970703,26.424407959
3.10455322266,26.424407959
3.1005859375,26.4778137207
3.10333251953,26.5235900879
3.10089111328,26.4472961426
3.10363769531,26.3900756836
3.09753417969,26.4854431152
3.09936523438,26.4129638672
3.09844970703,26.4701843262
3.09783935547,26.4434814453
3.09967041016,26.4320373535
3.09722900391,26.5502929688
3.09906005859,26.4587402344
3.09844970703,26.4053344727
3.09875488281,26.4587402344
3.09844970703,26.4625549316
3.10302734375,26.5579223633
3.09539794922,26.4663696289
3.09783935547,26.5846252441
3.09631347656,26.3977050781
3.09783935547,26.4663696289
3.09783935547,26.4739990234
3.09936523438,26.4282226562
3.09783935547,26.4015197754
3.09387207031,26.4282226562
3.09661865234,26.424407959
3.09692382812,26.4205932617
3.09417724609,26.4091491699
3.08471679688,26.5083312988
3.10089111328,26.4167785645
3.09631347656,26.4167785645
3.095703125,26.4472961426
3.09844970703,26.439666748
3.09539794922,26.439666748
3.10119628906,26.5502929688
3.09478759766,26.4282226562
3.09539794922,26.4549255371
3.10607910156,26.3938903809
3.09539794922,26.4549255371
3.09478759766,26.5731811523
3.09936523438,26.3557434082
3.09539794922,26.439666748
3.09448242188,26.3748168945
3.09112548828,26.4282226562
3.09448242188,26.4091491699
3.09173583984,26.3671875
3.09539794922,26.4053344727
3.09326171875,26.3938903809
3.09234619141,26.3557434082
3.09387207031,26.3977050781
3.09387207031,26.3824462891
3.09539794922,26.4472961426
3.09234619141,26.4129638672
3.09356689453,26.3824462891
3.09204101562,26.424407959
3.09539794922,26.439666748
3.09265136719,26.3633728027
3.09204101562,26.4167785645
3.09265136719,26.4167785645
3.09509277344,26.3557434082
3.09356689453,26.3557434082
3.09143066406,26.3748168945
3.08990478516,26.3595581055
3.09112548828,26.424407959
3.09143066406,26.3862609863
3.09936523438,26.3824462891
3.0908203125,26.3633728027
3.0908203125,26.3786315918
3.08929443359,26.3442993164
