3.17932128906,27.3132324219
3.17779541016,27.3208618164
3.17932128906,27.2903442383
3.17993164062,27.3513793945
3.18939208984,27.2636413574
3.1787109375,27.3551940918
3.17962646484,27.3170471191
3.17687988281,27.416229248
3.17901611328,27.286529541
3.18267822266,27.2903442383
3.17901611328,27.2941589355
3.18725585938,27.286529541
3.17901611328,27.3361206055
3.17901611328,27.3551940918
3.17932128906,27.286529541
3.17749023438,27.2636413574
3.19030761719,27.2674560547
3.17932128906,27.3323059082
3.19000244141,27.2521972656
3.17962646484,27.2903442383
3.17779541016,27.3017883301
3.17901611328,27.3170471191
3.1787109375,27.2789001465
3.17901611328,27.2903442383
3.18023681641,27.2674560547
3.18695068359,27.3056030273
3.17840576172,27.3017883301
3.18237304688,27.1453857422
3.17901611328,27.3056030273
3.17626953125,27.3513793945
3.17932128906,27.2827148438
3.17901611328,27.3361206055
3.17810058594,27.286529541
3.17962646484,27.3323059082
3.17291259766,27.3208618164
3.17901611328,27.2941589355
3.18878173828,27.271270752
3.17901611328,27.2903442383
3.17840576172,27.286529541
3.17901611328,27.2750854492
3.17901611328,27.2750854492
3.17810058594,27.2979736328
3.17840576172,27.3208618164
3.17810058594,27.2827148438
3.17901611328,27.3208618164
3.19091796875,27.3246765137
3.17932128906,27.3208618164
3.17230224609,27.2827148438
3.17718505859,27.3056030273
3.1787109375,27.271270752
3.17901611328,27.3284912109
3.18878173828,27.3094177246
3.17901611328,27.2521972656
3.17718505859,27.2903442383
3.17840576172,27.3094177246
3.17840576172,27.3284912109
3.17047119141,27.3094177246
3.1787109375,27.271270752
3.18298339844,27.2750854492
3.17932128906,27.3170471191
3.18176269531,27.2941589355
3.17993164062,27.2598266602
3.17687988281,27.3323059082
3.1787109375,27.271270752
3.17932128906,27.3170471191
3.17779541016,27.3094177246
3.17932128906,27.3056030273
3.18084716797,27.1911621094
3.17901611328,27.286529541
3.17016601562,27.3323059082
3.1787109375,27.3056030273
3.17901611328,27.3170471191
3.1787109375,27.3094177246
3.17749023438,27.271270752
3.1787109375,27.2903442383
3.1787109375,27.2789001465
3.17687988281,27.3628234863
3.17932128906,27.3056030273
3.18237304688,27.2407531738
3.17901611328,27.3170471191
3.18756103516,27.2979736328
3.17901611328,27.3094177246
3.17810058594,27.3361206055
3.18267822266,27.3323059082
3.17901611328,27.271270752
3.19183349609,27.2483825684
3.18145751953,27.3208618164
3.17749023438,27.3513793945
3.17901611328,27.2941589355
3.17016601562,27.3704528809
3.1787109375,27.3017883301
3.18328857422,27.3246765137
3.17901611328,27.2789001465
3.17962646484,27.286529541
3.17077636719,27.3094177246
3.17901611328,27.2598266602
3.16864013672,27.3780822754
3.17779541016,27.271270752
3.18328857422,27.3551940918
