3.13507080078,26.7333984375
3.13446044922,26.7677307129
3.12835693359,26.9622802734
3.13354492188,26.7333984375
3.13385009766,26.741027832
3.13537597656,26.8478393555
3.13446044922,26.741027832
3.13446044922,26.7372131348
3.12835693359,26.7028808594
3.13446044922,26.741027832
3.13598632812,26.7562866211
3.12744140625,26.741027832
3.13354492188,26.7906188965
3.13110351562,26.7906188965
3.13293457031,26.7677307129
3.13415527344,26.7372131348
3.13079833984,26.7372131348
3.13446044922,26.741027832
3.13293457031,26.7524719238
3.13659667969,26.741027832
3.13262939453,26.7028808594
3.13323974609,26.7715454102
3.1298828125,26.6990661621
3.13323974609,26.7715454102
3.13385009766,26.7295837402
3.13232421875,26.725769043
3.13293457031,26.7295837402
3.134765625,26.7219543457
3.13293457031,26.7601013184
3.12805175781,26.6914367676
3.13354492188,26.7639160156
3.13201904297,26.7562866211
3.13201904297,26.7677307129
3.13293457031,26.7295837402
3.14422607422,26.6914367676
3.13079833984,26.7333984375
3.13262939453,26.741027832
3.13201904297,26.7524719238
3.13354492188,26.7295837402
3.13171386719,26.725769043
3.12927246094,26.7028808594
3.13201904297,26.7715454102
3.13171386719,26.7524719238
3.12316894531,26.741027832
3.13140869141,26.7219543457
3.13110351562,26.7066955566
3.13568115234,26.7753601074
3.13385009766,26.725769043
3.13201904297,26.7219543457
3.13018798828,26.7562866211
3.13110351562,26.7219543457
3.12744140625,26.6609191895
3.13079833984,26.7677307129
3.13934326172,26.6494750977
3.13079833984,26.7486572266
3.13079833984,26.7372131348
3.12927246094,26.6876220703
3.13018798828,26.7639160156
3.13110351562,26.7028808594
3.12957763672,26.7524719238
3.13018798828,26.7524719238
3.14056396484,26.5998840332
3.13049316406,26.683807373
3.1298828125,26.7601013184
3.12957763672,26.6914367676
3.12805175781,26.6990661621
3.13049316406,26.7372131348
3.12927246094,26.8058776855
3.12927246094,26.6952514648
3.1298828125,26.7448425293
3.13049316406,26.6609191895
3.12927246094,26.7143249512
3.13629150391,26.7181396484
3.13293457031,26.6914367676
3.12927246094,26.7295837402
3.13049316406,26.8249511719
3.12866210938,26.7181396484
3.12927246094,26.7143249512
3.134765625,26.9241333008
3.12774658203,26.725769043
3.12896728516,26.6914367676
3.12622070312,26.6571044922
3.12835693359,26.7753601074
3.12805175781,26.7105102539
3.12896728516,26.7295837402
3.12591552734,26.6418457031
3.12835693359,26.6990661621
3.12957763672,26.6990661621
3.12530517578,26.6647338867
3.12805175781,26.6571044922
3.12805175781,26.668548584
3.12957763672,26.7295837402
3.12957763672,26.782989502
3.12835693359,26.7372131348
3.12744140625,26.6799926758
3.13201904297,26.7105102539
3.1298828125,26.7295837402
3.12805175781,26.7524719238
3.12683105469,26.7028808594
