3.16467285156,27.1644592285
3.17016601562,27.172088623
3.16558837891,27.1606445312
3.16528320312,27.1606445312
3.16497802734,27.1606445312
3.16436767578,27.1377563477
3.16253662109,27.1301269531
3.16528320312,27.172088623
3.15979003906,27.2827148438
3.16619873047,27.1453857422
3.16253662109,27.1301269531
3.16497802734,27.156829834
3.1689453125,27.156829834
3.16528320312,27.1415710449
3.16192626953,27.1987915039
3.16467285156,27.172088623
3.16467285156,27.172088623
3.16558837891,27.1644592285
3.16497802734,27.1415710449
3.17047119141,27.1148681641
3.16497802734,27.1873474121
3.16467285156,27.2254943848
3.16497802734,27.1377563477
3.16345214844,27.271270752
3.16497802734,27.1873474121
3.16864013672,27.1644592285
3.16467285156,27.1644592285
3.15002441406,27.1263122559
3.16436767578,27.0767211914
3.16131591797,27.1453857422
3.16436767578,27.1911621094
3.15979003906,27.3284912109
3.16497802734,27.1797180176
3.16345214844,27.156829834
3.16436767578,27.1835327148
3.17047119141,27.1873474121
3.16497802734,27.2369384766
3.16589355469,27.1301269531
3.16467285156,27.1377563477
3.16528320312,27.214050293
3.16436767578,27.1797180176
3.16284179688,27.2064208984
3.16467285156,27.1606445312
3.16741943359,27.1644592285
3.16436767578,27.1606445312
3.17535400391,27.1072387695
3.16467285156,27.1759033203
3.16223144531,27.1186828613
3.16436767578,27.1797180176
3.16650390625,27.1644592285
3.16345214844,27.156829834
3.16497802734,27.1415710449
3.16619873047,27.1453857422
3.16802978516,27.1682739258
3.17352294922,27.0843505859
3.16528320312,27.1377563477
3.17321777344,27.1835327148
3.16467285156,27.172088623
3.16589355469,27.1034240723
3.16528320312,27.172088623
3.1689453125,27.1415710449
3.16436767578,27.1987915039
3.16314697266,27.3246765137
3.16375732422,27.1530151367
3.16711425781,27.2369384766
3.16558837891,27.2064208984
3.16833496094,27.0347595215
3.16467285156,27.1377563477
3.16223144531,27.3094177246
3.16467285156,27.1911621094
3.18084716797,27.0919799805
3.16436767578,27.1835327148
3.15521240234,27.0843505859
3.16436767578,27.1987915039
3.16619873047,27.2598266602
3.16864013672,27.1873474121
3.15979003906,27.172088623
3.16436767578,27.1530151367
3.16284179688,27.1415710449
3.16467285156,27.1606445312
3.16040039062,27.1682739258
3.16497802734,27.1492004395
3.16497802734,27.156829834
3.16101074219,27.156829834
3.16436767578,27.1606445312
3.16009521484,27.2216796875
3.16497802734,27.1606445312
3.16467285156,27.2789001465
3.16436767578,27.1949768066
3.1640625,27.1224975586
3.16436767578,27.1606445312
3.15673828125,27.229309082
3.16375732422,27.1682739258
3.16680908203,27.2216796875
3.16253662109,27.1644592285
3.15734863281,27.1606445312
3.16467285156,27.1835327148
3.16497802734,27.1606445312
3.16497802734,27.1873474121
