3.17260742188,27.2445678711
3.17260742188,27.2521972656
3.17321777344,27.2064208984
3.17352294922,27.2521972656
3.18145751953,27.2636413574
3.17291259766,27.2064208984
3.17291259766,27.2216796875
3.17535400391,27.2331237793
3.17474365234,27.2941589355
3.17291259766,27.2369384766
3.17596435547,27.172088623
3.17321777344,27.2064208984
3.18054199219,27.4658203125
3.17413330078,27.2483825684
3.16802978516,27.0919799805
3.17291259766,27.2178649902
3.17016601562,27.2483825684
3.17291259766,27.2636413574
3.17321777344,27.3361206055
3.17993164062,27.1873474121
3.17230224609,27.2369384766
3.17565917969,27.3933410645
3.17138671875,27.2331237793
3.18298339844,27.2903442383
3.17260742188,27.2598266602
3.15765380859,27.3475646973
3.17260742188,27.2064208984
3.17626953125,27.2254943848
3.17291259766,27.229309082
3.17443847656,27.2560119629
3.17565917969,27.2369384766
3.17291259766,27.271270752
3.1787109375,27.1911621094
3.17199707031,27.2483825684
3.18695068359,27.2598266602
3.17260742188,27.2674560547
3.17016601562,27.2216796875
3.17230224609,27.2216796875
3.17443847656,27.3208618164
3.17169189453,27.2331237793
3.17230224609,27.2674560547
3.17413330078,27.2369384766
3.17291259766,27.1835327148
3.17260742188,27.2407531738
3.17291259766,27.2178649902
3.16680908203,27.400970459
3.17199707031,27.2369384766
3.17657470703,27.2216796875
3.17230224609,27.2407531738
3.16772460938,27.2636413574
3.17504882812,27.2445678711
3.17230224609,27.229309082
3.16802978516,27.2560119629
3.17230224609,27.2636413574
3.16864013672,27.2216796875
3.17169189453,27.2407531738
3.16528320312,27.2941589355
3.17230224609,27.2598266602
3.17352294922,27.286529541
3.17169189453,27.2521972656
3.17291259766,27.2483825684
3.16955566406,27.2407531738
3.17260742188,27.1987915039
3.17626953125,27.1263122559
3.17596435547,27.2827148438
3.16741943359,27.3246765137
3.17230224609,27.3170471191
3.17260742188,27.3513793945
3.17230224609,27.2407531738
3.16497802734,27.1911621094
3.17199707031,27.2331237793
3.1689453125,27.3971557617
3.17260742188,27.2254943848
3.17687988281,27.2216796875
3.17199707031,27.2674560547
3.17016601562,27.172088623
3.17230224609,27.2445678711
3.17230224609,27.2064208984
3.17169189453,27.2598266602
3.17199707031,27.2483825684
3.16864013672,27.2407531738
3.17169189453,27.2560119629
3.17443847656,27.2026062012
3.17291259766,27.2750854492
3.17993164062,27.3513793945
3.17474365234,27.2789001465
3.17077636719,27.3323059082
3.17321777344,27.2483825684
3.17504882812,27.2407531738
3.17260742188,27.2483825684
3.17016601562,27.1453857422
3.17169189453,27.2521972656
3.17230224609,27.2102355957
3.16619873047,27.1873474121
3.17291259766,27.2483825684
3.17260742188,27.1415710449
3.17291259766,27.2521972656
3.17901611328,27.2903442383
3.17260742188,27.2827148438
