3.17108154297,27.2369384766
3.16864013672,27.2674560547
3.17108154297,27.2026062012
3.16497802734,27.2178649902
3.17108154297,27.2636413574
3.14880371094,27.3361206055
3.16955566406,27.229309082
3.17138671875,27.2407531738
3.17657470703,27.1911621094
3.17077636719,27.2064208984
3.16467285156,27.1911621094
3.17077636719,27.214050293
3.17413330078,27.3399353027
3.17047119141,27.2560119629
3.16925048828,27.214050293
3.16955566406,27.2102355957
3.17108154297,27.2560119629
3.16986083984,27.1911621094
3.16467285156,27.3742675781
3.17199707031,27.2636413574
3.17047119141,27.2369384766
3.17077636719,27.229309082
3.16955566406,27.2216796875
3.17199707031,27.2369384766
3.17932128906,27.1759033203
3.17077636719,27.2521972656
3.17504882812,27.1377563477
3.17077636719,27.2445678711
3.18145751953,27.2483825684
3.17047119141,27.2483825684
3.17199707031,27.2560119629
3.17077636719,27.2102355957
3.17596435547,27.1492004395
3.17138671875,27.2407531738
3.16986083984,27.2598266602
3.17077636719,27.2216796875
3.17108154297,27.2102355957
3.17047119141,27.2178649902
3.17016601562,27.2369384766
3.17016601562,27.2674560547
3.17047119141,27.2216796875
3.17810058594,27.2674560547
3.17260742188,27.2445678711
3.17993164062,27.1797180176
3.17016601562,27.2560119629
3.16955566406,27.1949768066
3.17108154297,27.2445678711
3.18786621094,27.2445678711
3.16986083984,27.2102355957
3.16986083984,27.271270752
3.17108154297,27.2254943848
3.17565917969,27.2674560547
3.17199707031,27.2216796875
3.17077636719,27.1911621094
3.17108154297,27.1987915039
3.16925048828,27.2445678711
3.17504882812,27.214050293
3.17047119141,27.2254943848
3.17047119141,27.2254943848
3.16955566406,27.214050293
3.17138671875,27.1835327148
3.17077636719,27.214050293
3.15979003906,27.2521972656
3.17077636719,27.2254943848
3.16864013672,27.2216796875
3.16986083984,27.229309082
3.16284179688,27.2064208984
3.16986083984,27.2445678711
3.17230224609,27.214050293
3.17321777344,27.2102355957
3.17260742188,27.2216796875
3.17077636719,27.3780822754
3.17169189453,27.2102355957
3.17474365234,27.1949768066
3.17047119141,27.2178649902
3.18756103516,27.1911621094
3.17016601562,27.2331237793
3.16650390625,27.1987915039
3.17047119141,27.2331237793
3.17108154297,27.2560119629
3.17047119141,27.2254943848
3.17321777344,27.2102355957
3.16802978516,27.2102355957
3.17199707031,27.2331237793
3.16986083984,27.1835327148
3.16986083984,27.2331237793
3.17199707031,27.2979736328
3.17108154297,27.2636413574
3.1689453125,27.2369384766
3.17047119141,27.2636413574
3.18115234375,27.1835327148
3.17016601562,27.1759033203
3.17291259766,27.2369384766
3.17047119141,27.2903442383
3.16558837891,27.0881652832
3.17016601562,27.2216796875
3.17352294922,27.1987915039
3.17047119141,27.2445678711
3.17016601562,27.2407531738
