3.16253662109,0.381469726562
3.16345214844,0.400543212891
3.16131591797,0.457763671875
3.16131591797,0.419616699219
3.16345214844,0.434875488281
3.16162109375,0.396728515625
3.15795898438,0.450134277344
3.16223144531,0.457763671875
3.16192626953,0.423431396484
3.16162109375,0.385284423828
3.16558837891,0.461578369141
3.16253662109,0.450134277344
3.16223144531,0.404357910156
3.16253662109,0.457763671875
3.15795898438,0.541687011719
3.17199707031,0.404357910156
3.15826416016,0.644683837891
3.16223144531,0.400543212891
3.16223144531,0.461578369141
3.16101074219,0.408172607422
3.15887451172,0.411987304688
3.16253662109,0.526428222656
3.15887451172,0.431060791016
3.16070556641,0.438690185547
3.16192626953,0.438690185547
3.15734863281,0.480651855469
3.15399169922,0.480651855469
3.16375732422,0.450134277344
3.16253662109,0.396728515625
3.16314697266,0.446319580078
3.15856933594,0.446319580078
3.173828125,0.450134277344
3.16253662109,0.419616699219
3.16223144531,0.396728515625
3.1640625,0.480651855469
3.16497802734,0.442504882812
3.16284179688,0.404357910156
3.16223144531,0.431060791016
3.17108154297,0.434875488281
3.16802978516,0.423431396484
3.16375732422,0.423431396484
3.16284179688,0.434875488281
3.16223144531,0.495910644531
3.16436767578,0.568389892578
3.16040039062,0.415802001953
3.16314697266,0.469207763672
3.16253662109,0.446319580078
3.16253662109,0.442504882812
3.16314697266,0.400543212891
3.15643310547,0.373840332031
3.16070556641,0.446319580078
3.16345214844,0.408172607422
3.16101074219,0.423431396484
3.16711425781,0.476837158203
3.16284179688,0.564575195312
3.16802978516,0.522613525391
3.16345214844,0.453948974609
3.16284179688,0.42724609375
3.16070556641,0.419616699219
3.16314697266,0.453948974609
3.16436767578,0.518798828125
3.16375732422,0.381469726562
3.16345214844,0.450134277344
3.16345214844,0.434875488281
3.16284179688,0.450134277344
3.16345214844,0.465393066406
3.16375732422,0.461578369141
3.16345214844,0.423431396484
3.16314697266,0.434875488281
3.16101074219,0.495910644531
3.16589355469,0.453948974609
3.16192626953,0.431060791016
3.16345214844,0.396728515625
3.16558837891,0.469207763672
3.16223144531,0.480651855469
3.15490722656,0.495910644531
3.1640625,0.419616699219
3.16345214844,0.408172607422
3.16375732422,0.385284423828
3.1640625,0.431060791016
3.16192626953,0.572204589844
3.16314697266,0.42724609375
3.16375732422,0.415802001953
3.1640625,0.457763671875
3.1640625,0.377655029297
3.16345214844,0.434875488281
3.16436767578,0.465393066406
3.16375732422,0.453948974609
3.1640625,0.42724609375
3.17230224609,0.396728515625
3.16467285156,0.434875488281
3.16436767578,0.461578369141
3.16101074219,0.419616699219
3.15277099609,0.438690185547
3.16467285156,0.358581542969
3.16436767578,0.431060791016
3.16528320312,0.499725341797
3.16192626953,0.431060791016
3.1640625,0.473022460938
