3.07342529297,26.2184143066
3.07342529297,26.2336730957
3.09143066406,26.3366699219
3.07189941406,26.2184143066
3.07281494141,26.2260437012
3.07098388672,26.2184143066
3.07159423828,26.2413024902
3.0712890625,26.2031555176
3.07952880859,26.294708252
3.07006835938,26.3671875
3.0712890625,26.2031555176
3.07098388672,26.1726379395
3.07281494141,26.1764526367
3.07098388672,26.2298583984
3.07067871094,26.2069702148
3.07464599609,26.2336730957
3.07250976562,26.2985229492
3.07037353516,26.237487793
3.07037353516,26.2031555176
3.06640625,26.2107849121
3.07739257812,26.1688232422
3.06945800781,26.2260437012
3.06854248047,26.2031555176
3.06304931641,26.424407959
3.06854248047,26.1611938477
3.06823730469,26.195526123
3.06701660156,26.252746582
3.06854248047,26.1650085449
3.06915283203,26.2031555176
3.13201904297,0.469207763672
3.15765380859,0.404357910156
3.15521240234,0.461578369141
3.16131591797,0.457763671875
3.15979003906,0.411987304688
3.1689453125,0.438690185547
3.17047119141,0.446319580078
3.16711425781,0.415802001953
3.26202392578,-28.247833252
3.28155517578,-31.3987731934
3.28308105469,-28.9077758789
3.29162597656,-32.1388244629
3.21197509766,0.415802001953
3.21228027344,0.423431396484
3.20831298828,0.362396240234
3.13690185547,26.2489318848
3.12652587891,26.2489318848
3.1103515625,26.123046875
3.11706542969,26.1840820312
3.11309814453,26.1306762695
3.10974121094,26.1116027832
3.11401367188,26.050567627
3.10577392578,26.1268615723
3.10394287109,26.0887145996
3.09356689453,26.0047912598
3.10272216797,26.0581970215
3.09875488281,26.0047912598
3.09722900391,25.9399414062
3.09417724609,26.1383056641
3.09448242188,25.993347168
3.09326171875,25.9819030762
3.095703125,25.9246826172
3.09997558594,25.951385498
3.08929443359,26.0047912598
3.08898925781,25.9666442871
3.08349609375,25.8979797363
3.08227539062,25.9704589844
3.08685302734,25.8903503418
3.08532714844,25.9132385254
3.08319091797,25.9323120117
3.08441162109,25.9399414062
3.08319091797,25.9246826172
3.08044433594,25.9017944336
3.08135986328,25.8712768555
3.08074951172,25.8598327637
3.08166503906,25.8293151855
3.07525634766,25.8369445801
3.07891845703,25.8674621582
3.07800292969,25.8522033691
3.07678222656,25.8674621582
3.07891845703,25.806427002
3.07647705078,25.8255004883
3.07586669922,25.8483886719
3.08502197266,25.7835388184
3.07373046875,25.8026123047
3.07250976562,25.7759094238
3.07373046875,25.7949829102
3.06915283203,25.8407592773
3.07250976562,25.7797241211
3.07220458984,25.8445739746
3.06793212891,25.8293151855
3.07159423828,25.8483886719
3.06945800781,25.8369445801
3.06976318359,25.8178710938
3.06976318359,25.8178710938
3.06915283203,25.9475708008
3.06610107422,25.821685791
3.06823730469,25.8102416992
3.06762695312,25.8102416992
3.06610107422,25.7835388184
