3.03039550781,25.6118774414
3.03009033203,25.634765625
3.03070068359,25.6080627441
3.03558349609,25.7148742676
3.02154541016,25.821685791
3.02825927734,25.5813598633
3.02825927734,25.6118774414
3.02703857422,25.6385803223
3.02703857422,25.6156921387
3.02642822266,25.6385803223
3.02612304688,25.6118774414
3.02551269531,25.5889892578
3.02551269531,25.6156921387
3.01605224609,25.634765625
3.02429199219,25.5661010742
3.02703857422,25.5928039551
3.02398681641,25.634765625
3.02307128906,25.5889892578
3.02368164062,25.5889892578
3.02093505859,25.5393981934
3.0224609375,25.5889892578
3.02154541016,25.5966186523
3.02062988281,25.5851745605
3.02093505859,25.6652832031
3.01910400391,25.5661010742
3.01971435547,25.577545166
3.01940917969,25.5851745605
3.01910400391,25.562286377
3.01483154297,25.4249572754
3.01422119141,25.4669189453
3.017578125,25.5508422852
3.01605224609,25.4936218262
3.01605224609,25.520324707
3.01635742188,25.520324707
3.01422119141,25.4898071289
3.01666259766,25.5737304688
3.01483154297,25.5279541016
3.01025390625,25.5432128906
3.01422119141,25.5546569824
3.01300048828,25.4783630371
3.01422119141,25.5470275879
3.01239013672,25.4821777344
3.01208496094,25.4859924316
3.00354003906,25.4821777344
3.00903320312,25.4592895508
3.01147460938,25.4745483398
3.01025390625,25.4821777344
2.99743652344,25.447845459
3.00964355469,25.4745483398
3.00903320312,25.4936218262
3.00079345703,25.5317687988
3.00842285156,25.4707336426
3.00659179688,25.4554748535
3.00689697266,25.4364013672
3.00598144531,25.4592895508
3.00628662109,25.3715515137
3.00476074219,25.4707336426
3.00567626953,25.4402160645
2.998046875,25.4287719727
3.01116943359,25.3829956055
3.00262451172,25.4669189453
3.00262451172,25.447845459
2.99743652344,25.4402160645
3.00384521484,25.4211425781
3.00079345703,25.4287719727
2.99896240234,25.4364013672
2.99957275391,25.4058837891
3.00048828125,25.4058837891
2.99652099609,25.6042480469
3.0029296875,25.3677368164
2.99774169922,25.3868103027
2.99743652344,25.3944396973
2.99621582031,25.3639221191
2.98675537109,25.3715515137
2.99713134766,25.3791809082
2.99530029297,25.3601074219
2.99285888672,25.3067016602
2.99682617188,25.276184082
2.99377441406,25.3677368164
2.99346923828,25.3486633301
2.99194335938,25.3257751465
2.98675537109,25.3562927246
2.99102783203,25.3448486328
2.99072265625,25.3524780273
2.98980712891,25.2952575684
2.99591064453,25.3257751465
2.98858642578,25.3067016602
2.98797607422,25.3143310547
2.98828125,25.3067016602
2.98278808594,25.3601074219
2.99011230469,25.3982543945
2.98614501953,25.318145752
2.98522949219,25.2647399902
2.98492431641,25.2990722656
2.98004150391,25.1846313477
2.98278808594,25.3295898438
2.98400878906,25.2838134766
2.98187255859,25.2799987793
2.98187255859,25.2532958984
