3.15093994141,27.0957946777
3.15155029297,27.0309448242
3.14819335938,27.0385742188
3.14819335938,26.9927978516
3.14910888672,27.0652770996
3.15093994141,26.9660949707
3.13323974609,26.9203186035
3.14727783203,27.0080566406
3.14758300781,27.0004272461
3.16192626953,27.0080566406
3.14788818359,27.0118713379
3.14697265625,27.0118713379
3.14300537109,27.0614624023
3.14849853516,27.027130127
3.14697265625,26.9927978516
3.15734863281,27.1377563477
3.14880371094,26.9546508789
3.14697265625,26.9775390625
3.15979003906,27.0156860352
3.14697265625,27.0118713379
3.14697265625,26.9737243652
3.14453125,26.9203186035
3.14636230469,26.9813537598
3.14666748047,27.0195007324
3.14331054688,27.0500183105
3.14666748047,26.9660949707
3.14575195312,26.9546508789
3.14636230469,27.0690917969
3.14575195312,26.9622802734
3.14331054688,27.1224975586
3.14819335938,26.9813537598
3.14666748047,26.9622802734
3.13568115234,26.9432067871
3.14483642578,26.985168457
3.14636230469,26.985168457
3.13751220703,27.0156860352
3.22235107422,0.503540039062
3.23272705078,0.423431396484
3.15643310547,26.7601013184
3.15216064453,26.7219543457
3.14910888672,26.6036987305
3.15063476562,26.7181396484
3.1494140625,26.7333984375
3.14849853516,26.7181396484
3.14514160156,26.7677307129
3.14849853516,26.7601013184
3.14605712891,26.7677307129
3.14758300781,26.7868041992
3.14788818359,26.7524719238
3.14880371094,26.5579223633
3.15093994141,26.7372131348
3.14483642578,26.6990661621
3.14117431641,26.7066955566
3.14666748047,26.7524719238
3.14239501953,26.782989502
3.14666748047,26.7448425293
3.14697265625,26.7486572266
3.15795898438,26.6342163086
3.14605712891,26.7677307129
3.14514160156,26.741027832
3.14422607422,26.7715454102
3.14666748047,26.7105102539
3.14575195312,26.9432067871
3.14544677734,26.7372131348
3.14514160156,26.7181396484
3.14605712891,26.7372131348
3.14422607422,26.725769043
3.14483642578,26.7486572266
3.14575195312,26.7181396484
3.14208984375,26.7028808594
3.14483642578,26.7143249512
3.14758300781,26.7524719238
3.14361572266,26.7601013184
3.14392089844,26.7295837402
3.14208984375,26.7677307129
3.14422607422,26.741027832
3.14514160156,26.7753601074
3.14331054688,26.7791748047
3.14483642578,26.7486572266
3.14361572266,26.7753601074
3.15399169922,26.7333984375
3.14422607422,26.7486572266
3.14392089844,26.725769043
3.14331054688,26.7715454102
3.14270019531,26.7601013184
3.14300537109,26.7219543457
3.14392089844,26.7639160156
3.14117431641,26.6914367676
3.14208984375,26.8669128418
3.14361572266,26.741027832
3.14300537109,26.7448425293
3.13812255859,26.6647338867
3.14300537109,26.798248291
3.14239501953,26.7143249512
3.14300537109,26.7639160156
3.14422607422,26.782989502
3.14270019531,26.7486572266
3.13690185547,26.7333984375
3.14453125,26.8669128418
