3.154296875,27.0805358887
3.15612792969,27.0690917969
3.15826416016,27.0690917969
3.15521240234,27.0538330078
3.15673828125,27.1606445312
3.15460205078,27.0881652832
3.15307617188,27.0843505859
3.15368652344,27.0309448242
3.15368652344,27.0843505859
3.15002441406,27.0576477051
3.15399169922,27.0843505859
3.15307617188,27.1034240723
3.15826416016,27.0538330078
3.15368652344,27.0652770996
3.15063476562,26.9927978516
3.15399169922,27.0729064941
3.15246582031,27.027130127
3.15338134766,27.0385742188
3.15399169922,27.0233154297
3.15338134766,27.0004272461
3.15338134766,27.0881652832
3.15155029297,26.8898010254
3.15246582031,27.042388916
3.15399169922,27.0385742188
3.15246582031,27.0538330078
3.15368652344,27.0576477051
3.15399169922,27.0462036133
3.15277099609,27.0729064941
3.15277099609,26.9660949707
3.15246582031,27.042388916
3.15307617188,27.0156860352
3.15307617188,27.042388916
3.15277099609,27.0500183105
3.16040039062,27.0500183105
3.15246582031,27.0385742188
3.15216064453,27.0652770996
3.15063476562,27.0118713379
3.15338134766,27.0729064941
3.15216064453,27.0576477051
3.16528320312,27.0118713379
3.15399169922,27.0919799805
3.15155029297,27.0004272461
3.15246582031,26.985168457
3.15246582031,27.027130127
3.15185546875,27.0080566406
3.15032958984,27.027130127
3.15124511719,27.0156860352
3.15155029297,27.0538330078
3.15002441406,26.985168457
3.15185546875,27.0118713379
3.15216064453,26.9432067871
3.15155029297,27.0004272461
3.15093994141,27.0805358887
3.15155029297,27.0156860352
3.15063476562,27.0538330078
3.15155029297,27.1224975586
3.14514160156,27.0195007324
3.15093994141,27.027130127
3.15368652344,26.9584655762
3.15032958984,27.0080566406
3.15582275391,27.0042419434
3.15032958984,27.027130127
3.15063476562,26.9927978516
3.15002441406,27.0538330078
3.14971923828,27.0004272461
3.14361572266,26.9355773926
3.15002441406,26.9813537598
3.14910888672,26.9813537598
3.15032958984,27.0843505859
3.15002441406,27.0233154297
3.14300537109,27.0538330078
3.15002441406,27.0233154297
3.15155029297,27.0690917969
3.14880371094,27.0690917969
3.1494140625,27.0195007324
3.15155029297,26.9813537598
3.14971923828,27.0195007324
3.14849853516,27.027130127
3.15948486328,27.0156860352
3.1494140625,27.0195007324
3.15002441406,27.0195007324
3.14910888672,27.0156860352
3.14971923828,27.0195007324
3.14422607422,27.0385742188
3.14880371094,27.0233154297
3.14910888672,26.9622802734
3.14849853516,26.9889831543
3.14880371094,27.042388916
3.15795898438,26.9966125488
3.14788818359,27.0042419434
3.14483642578,27.0347595215
3.14819335938,27.0195007324
3.14849853516,27.0042419434
3.15185546875,26.985168457
3.14910888672,27.0500183105
3.1494140625,26.985168457
3.14819335938,27.0004272461
3.14849853516,26.9660949707
3.15551757812,27.0233154297
