3.11370849609,26.5884399414
3.13049316406,26.554107666
3.11889648438,26.5464782715
3.11676025391,26.5579223633
3.11706542969,26.538848877
3.11187744141,26.554107666
3.1201171875,26.5617370605
3.11584472656,26.4854431152
3.11645507812,26.611328125
3.11584472656,26.538848877
3.11340332031,26.4701843262
3.11462402344,26.5426635742
3.11645507812,26.5426635742
3.115234375,26.554107666
3.11614990234,26.5655517578
3.11645507812,26.5464782715
3.11614990234,26.538848877
3.11889648438,26.4625549316
3.11676025391,26.5159606934
3.11431884766,26.5464782715
3.11492919922,26.5808105469
3.10852050781,26.5579223633
3.11462402344,26.5617370605
3.11279296875,26.7295837402
3.11462402344,26.5769958496
3.11218261719,26.5693664551
3.11462402344,26.5731811523
3.11431884766,26.5502929688
3.11309814453,26.5655517578
3.11431884766,26.5274047852
3.11248779297,26.424407959
3.115234375,26.4930725098
3.11492919922,26.4892578125
3.11218261719,26.5235900879
3.11248779297,26.5579223633
3.11340332031,26.5884399414
3.11218261719,26.5350341797
3.11584472656,26.4930725098
3.11279296875,26.5426635742
3.10974121094,26.4625549316
3.11218261719,26.5083312988
3.11401367188,26.5083312988
3.11218261719,26.5502929688
3.11096191406,26.554107666
3.10882568359,26.481628418
3.11279296875,26.5617370605
3.12133789062,26.4739990234
3.11248779297,26.554107666
3.11065673828,26.5121459961
3.11157226562,26.5045166016
3.11096191406,26.5464782715
3.1103515625,26.5998840332
3.11187744141,26.5083312988
3.11065673828,26.5426635742
3.11187744141,26.5121459961
3.11065673828,26.5007019043
3.10546875,26.6342163086
3.11065673828,26.5579223633
3.10485839844,26.439666748
3.11065673828,26.5083312988
3.10974121094,26.5235900879
3.10546875,26.4778137207
3.10943603516,26.4701843262
3.11065673828,26.4511108398
3.10882568359,26.5159606934
3.11065673828,26.5083312988
3.11157226562,26.554107666
3.10913085938,26.4892578125
3.11492919922,26.4739990234
3.10791015625,26.496887207
3.1201171875,26.5159606934
3.10852050781,26.4854431152
3.10821533203,26.4663696289
3.11340332031,26.4663696289
3.10668945312,26.4854431152
3.10760498047,26.4930725098
3.10852050781,26.5235900879
3.10607910156,26.4930725098
3.10729980469,26.5121459961
3.10821533203,26.3786315918
3.10668945312,26.4663696289
3.10699462891,26.5235900879
3.10699462891,26.4663696289
3.10699462891,26.4739990234
3.10180664062,26.5083312988
3.10638427734,26.4739990234
3.10516357422,26.4930725098
3.11157226562,26.4701843262
3.10699462891,26.4854431152
3.10119628906,26.5312194824
3.10638427734,26.4739990234
3.09844970703,26.4701843262
3.10577392578,26.5121459961
3.10516357422,26.481628418
3.09906005859,26.4701843262
3.10821533203,26.5159606934
3.10485839844,26.5083312988
3.10363769531,26.4701843262
3.10424804688,26.5007019043
