3.16375732422,0.446319580078
3.16864013672,0.42724609375
3.16375732422,0.450134277344
3.16436767578,0.446319580078
3.16436767578,0.469207763672
3.16772460938,0.415802001953
3.15490722656,0.507354736328
3.16467285156,0.442504882812
3.1640625,0.419616699219
3.16528320312,0.431060791016
3.16467285156,0.423431396484
3.16497802734,0.453948974609
3.16467285156,0.465393066406
3.16497802734,0.392913818359
3.16528320312,0.453948974609
3.16528320312,0.389099121094
3.16467285156,0.411987304688
3.16528320312,0.465393066406
3.1640625,0.453948974609
3.16741943359,0.42724609375
3.16436767578,0.431060791016
3.16314697266,0.503540039062
3.16467285156,0.453948974609
3.16497802734,0.465393066406
3.15673828125,0.381469726562
3.17016601562,0.492095947266
3.15887451172,0.415802001953
3.16497802734,0.450134277344
3.16253662109,0.457763671875
3.16925048828,0.415802001953
3.16467285156,0.431060791016
3.16436767578,0.457763671875
3.16497802734,0.499725341797
3.16436767578,0.431060791016
3.16497802734,0.453948974609
3.16375732422,0.438690185547
3.16253662109,0.442504882812
3.16772460938,0.709533691406
3.16528320312,0.396728515625
3.16314697266,0.308990478516
3.173828125,0.362396240234
3.16833496094,0.42724609375
3.16711425781,0.434875488281
3.16589355469,0.415802001953
3.16558837891,0.442504882812
3.16497802734,0.465393066406
3.16558837891,0.556945800781
3.16528320312,0.411987304688
3.16589355469,0.415802001953
3.16558837891,0.450134277344
3.16558837891,0.442504882812
3.16528320312,0.236511230469
3.16741943359,0.591278076172
3.16558837891,0.400543212891
3.16589355469,0.450134277344
3.16558837891,0.434875488281
3.16619873047,0.431060791016
3.16009521484,0.446319580078
3.16589355469,0.431060791016
3.16589355469,0.434875488281
3.16650390625,0.431060791016
3.16619873047,0.453948974609
3.17047119141,0.469207763672
3.16558837891,0.404357910156
3.16619873047,0.434875488281
3.16528320312,0.423431396484
3.17016601562,0.442504882812
3.16253662109,0.423431396484
3.16802978516,0.480651855469
3.16589355469,0.450134277344
3.16619873047,0.400543212891
3.16558837891,0.408172607422
3.16802978516,0.423431396484
3.16070556641,0.453948974609
3.16619873047,0.434875488281
3.16619873047,0.434875488281
3.16589355469,0.476837158203
3.17962646484,0.396728515625
3.16650390625,0.453948974609
3.16619873047,0.495910644531
3.16619873047,0.434875488281
3.16772460938,0.476837158203
3.16558837891,0.534057617188
3.16528320312,0.499725341797
3.16619873047,0.446319580078
3.16314697266,0.431060791016
3.16619873047,0.453948974609
3.16741943359,0.473022460938
3.17138671875,0.377655029297
3.16650390625,0.419616699219
3.16619873047,0.431060791016
3.16558837891,0.438690185547
3.16375732422,0.484466552734
3.16497802734,0.457763671875
3.16680908203,0.473022460938
3.16619873047,0.442504882812
3.16680908203,0.438690185547
3.16741943359,0.48828125
3.16650390625,0.446319580078
