3.18908691406,27.4429321289
3.18420410156,27.4391174316
3.18969726562,27.4353027344
3.18664550781,27.458190918
3.18603515625,27.4353027344
3.18908691406,27.4963378906
3.18908691406,27.4429321289
3.18817138672,27.4696350098
3.18878173828,27.4810791016
3.18664550781,27.6412963867
3.18878173828,27.473449707
3.18481445312,27.5039672852
3.18908691406,27.4467468262
3.19183349609,27.4429321289
3.18817138672,27.458190918
3.19000244141,27.4467468262
3.18908691406,27.4505615234
3.1884765625,27.4772644043
3.18359375,27.3704528809
3.1884765625,27.4963378906
3.18359375,27.5001525879
3.1884765625,27.4772644043
3.18603515625,27.5993347168
3.18817138672,27.4810791016
3.18908691406,27.5268554688
3.18878173828,27.4696350098
3.18664550781,27.4505615234
3.18817138672,27.4810791016
3.18969726562,27.4696350098
3.18756103516,27.4467468262
3.18817138672,27.4505615234
3.18725585938,27.4047851562
3.18817138672,27.4391174316
3.18603515625,27.4848937988
3.18786621094,27.4620056152
3.18786621094,27.4696350098
3.18786621094,27.4353027344
3.18817138672,27.4810791016
3.18878173828,27.458190918
3.18572998047,27.4429321289
3.18786621094,27.4200439453
3.18603515625,27.4391174316
3.1884765625,27.4276733398
3.18786621094,27.4276733398
3.18420410156,27.4696350098
3.19091796875,27.458190918
3.17962646484,27.4696350098
3.18817138672,27.473449707
3.18878173828,27.4543762207
3.18786621094,27.4925231934
3.18756103516,27.5993347168
3.18725585938,27.458190918
3.18664550781,27.4696350098
3.18634033203,27.4429321289
3.18695068359,27.4391174316
3.18176269531,27.4314880371
3.18450927734,27.4353027344
3.19549560547,27.4124145508
3.18695068359,27.4429321289
3.18725585938,27.5192260742
3.18756103516,27.4772644043
3.18359375,27.416229248
3.18695068359,27.4314880371
3.18603515625,27.4505615234
3.18603515625,27.4276733398
3.18695068359,27.4620056152
3.18176269531,27.416229248
3.18695068359,27.4085998535
3.18817138672,27.3971557617
3.18664550781,27.4314880371
3.19000244141,27.3971557617
3.18664550781,27.4200439453
3.19000244141,27.4467468262
3.18664550781,27.4353027344
3.18634033203,27.458190918
3.18817138672,27.4543762207
3.18725585938,27.4047851562
3.19702148438,27.3742675781
3.18603515625,27.458190918
3.20037841797,27.3742675781
3.18786621094,27.4276733398
3.18878173828,27.3666381836
3.18634033203,27.4238586426
3.18756103516,27.4238586426
3.18542480469,27.3971557617
3.18603515625,27.4467468262
3.18542480469,27.4429321289
3.18756103516,27.4467468262
3.19976806641,27.3780822754
3.18298339844,27.4887084961
3.18420410156,27.4543762207
3.18664550781,27.4238586426
3.18878173828,27.3780822754
3.18634033203,27.4238586426
3.18695068359,27.4848937988
3.18634033203,27.4124145508
3.18420410156,27.4200439453
3.18389892578,27.458190918
3.18634033203,27.4276733398
