3.17047119141,0.431060791016
3.16955566406,0.411987304688
3.15765380859,0.362396240234
3.173828125,0.431060791016
3.17169189453,0.453948974609
3.17016601562,0.450134277344
3.17016601562,0.465393066406
3.17230224609,0.411987304688
3.16925048828,0.556945800781
3.16955566406,0.541687011719
3.16680908203,0.522613525391
3.16925048828,0.423431396484
3.17077636719,0.42724609375
3.16986083984,0.469207763672
3.16986083984,0.408172607422
3.16955566406,0.453948974609
3.16925048828,0.343322753906
3.16558837891,0.404357910156
3.1689453125,0.377655029297
3.17108154297,0.457763671875
3.17077636719,0.450134277344
3.17016601562,0.431060791016
3.17108154297,0.423431396484
3.16833496094,0.411987304688
3.17108154297,0.400543212891
3.16833496094,0.358581542969
3.15673828125,0.457763671875
3.16986083984,0.442504882812
3.16345214844,0.469207763672
3.16864013672,0.450134277344
3.17047119141,0.434875488281
3.17108154297,0.453948974609
3.16986083984,0.434875488281
3.16558837891,0.42724609375
3.17047119141,0.480651855469
3.17352294922,0.453948974609
3.16955566406,0.450134277344
3.17047119141,0.503540039062
3.17352294922,0.42724609375
3.16101074219,0.377655029297
3.16833496094,0.446319580078
3.17199707031,0.556945800781
3.16680908203,0.362396240234
3.17016601562,0.457763671875
3.17108154297,0.431060791016
3.17199707031,0.473022460938
3.17016601562,0.446319580078
3.16925048828,0.438690185547
3.17108154297,0.446319580078
3.17016601562,0.446319580078
3.16986083984,0.457763671875
3.17108154297,0.446319580078
3.17199707031,0.473022460938
3.17108154297,0.480651855469
3.16802978516,0.518798828125
3.17291259766,0.473022460938
3.17016601562,0.411987304688
3.17108154297,0.415802001953
3.17535400391,0.400543212891
3.1787109375,0.354766845703
3.17108154297,0.446319580078
3.17352294922,0.461578369141
3.17108154297,0.442504882812
3.17077636719,0.469207763672
3.17108154297,0.450134277344
3.17077636719,0.423431396484
3.16955566406,0.473022460938
3.16986083984,0.442504882812
3.18054199219,0.576019287109
3.17016601562,0.514984130859
3.17199707031,0.434875488281
3.17108154297,0.423431396484
3.17077636719,0.42724609375
3.17138671875,0.415802001953
3.17077636719,0.453948974609
3.17077636719,0.465393066406
3.17169189453,0.419616699219
3.16680908203,0.354766845703
3.16833496094,0.534057617188
3.16680908203,0.408172607422
3.17077636719,0.415802001953
3.17138671875,0.442504882812
3.17047119141,0.438690185547
3.17199707031,0.404357910156
3.16864013672,0.514984130859
3.16467285156,0.457763671875
3.17138671875,0.442504882812
3.17108154297,0.42724609375
3.17108154297,0.419616699219
3.17108154297,0.419616699219
3.17047119141,0.415802001953
3.16925048828,0.400543212891
3.17047119141,0.404357910156
3.173828125,0.473022460938
3.17047119141,0.423431396484
3.17138671875,0.48828125
3.17138671875,0.457763671875
3.17260742188,0.446319580078
3.17443847656,0.484466552734
