3.16864013672,0.42724609375
3.16772460938,0.473022460938
3.16864013672,0.434875488281
3.16864013672,0.446319580078
3.16802978516,0.450134277344
3.17230224609,0.446319580078
3.16864013672,0.419616699219
3.17413330078,0.408172607422
3.17291259766,0.289916992188
3.16619873047,0.404357910156
3.17016601562,0.438690185547
3.16864013672,0.446319580078
3.16864013672,0.450134277344
3.16833496094,0.404357910156
3.16955566406,0.518798828125
3.16711425781,0.438690185547
3.17199707031,0.411987304688
3.16314697266,0.404357910156
3.16864013672,0.42724609375
3.16772460938,0.423431396484
3.1689453125,0.442504882812
3.16925048828,0.465393066406
3.17352294922,0.389099121094
3.16833496094,0.343322753906
3.15795898438,0.492095947266
3.16528320312,0.469207763672
3.16955566406,0.469207763672
3.16986083984,0.457763671875
3.16864013672,0.446319580078
3.16864013672,0.404357910156
3.16802978516,0.411987304688
3.1689453125,0.469207763672
3.17932128906,0.442504882812
3.16986083984,0.3662109375
3.16955566406,0.453948974609
3.16833496094,0.411987304688
3.1689453125,0.434875488281
3.16802978516,0.446319580078
3.16925048828,0.461578369141
3.16864013672,0.461578369141
3.16833496094,0.42724609375
3.16925048828,0.431060791016
3.16955566406,0.415802001953
3.16925048828,0.484466552734
3.17413330078,0.385284423828
3.173828125,0.434875488281
3.17596435547,0.400543212891
3.1689453125,0.450134277344
3.16955566406,0.442504882812
3.1689453125,0.42724609375
3.16925048828,0.446319580078
3.16925048828,0.446319580078
3.17230224609,0.396728515625
3.18206787109,0.434875488281
3.17504882812,0.385284423828
3.17779541016,0.324249267578
3.16223144531,0.381469726562
3.17108154297,0.423431396484
3.16986083984,0.415802001953
3.1689453125,0.423431396484
3.16955566406,0.419616699219
3.16925048828,0.484466552734
3.16925048828,0.457763671875
3.16925048828,0.469207763672
3.16986083984,0.450134277344
3.16986083984,0.461578369141
3.16040039062,0.411987304688
3.17840576172,0.400543212891
3.17687988281,0.3662109375
3.16955566406,0.453948974609
3.16711425781,0.42724609375
3.16925048828,0.453948974609
3.16955566406,0.446319580078
3.17047119141,0.431060791016
3.17016601562,0.476837158203
3.16864013672,0.411987304688
3.16864013672,0.411987304688
3.16680908203,0.602722167969
3.17230224609,0.461578369141
3.16955566406,0.480651855469
3.16955566406,0.423431396484
3.16925048828,0.431060791016
3.16955566406,0.438690185547
3.16925048828,0.438690185547
3.17016601562,0.434875488281
3.17169189453,0.400543212891
3.17718505859,0.576019287109
3.17535400391,0.3662109375
3.17199707031,0.514984130859
3.17016601562,0.431060791016
3.17047119141,0.419616699219
3.16955566406,0.476837158203
3.16986083984,0.446319580078
3.16986083984,0.411987304688
3.16925048828,0.42724609375
3.16986083984,0.411987304688
3.17047119141,0.465393066406
3.17413330078,0.431060791016
3.16589355469,0.476837158203
