3.14666748047,0.42724609375
3.14453125,0.419616699219
3.14788818359,0.446319580078
3.14727783203,0.415802001953
3.14727783203,0.42724609375
3.14147949219,0.469207763672
3.14758300781,0.446319580078
3.14636230469,0.42724609375
3.14788818359,0.423431396484
3.14788818359,0.438690185547
3.14636230469,0.404357910156
3.14819335938,0.457763671875
3.15643310547,0.434875488281
3.14849853516,0.453948974609
3.14788818359,0.431060791016
3.15063476562,0.446319580078
3.14910888672,0.392913818359
3.15032958984,0.526428222656
3.16253662109,0.530242919922
3.14910888672,0.30517578125
3.15765380859,0.392913818359
3.14758300781,0.431060791016
3.14910888672,0.446319580078
3.14880371094,0.408172607422
3.14849853516,0.415802001953
3.1494140625,0.457763671875
3.1494140625,0.438690185547
3.14575195312,0.431060791016
3.16040039062,0.400543212891
3.15002441406,0.408172607422
3.15002441406,0.48828125
3.14605712891,0.446319580078
3.1494140625,0.431060791016
3.14971923828,0.530242919922
3.15856933594,0.492095947266
3.14697265625,0.492095947266
3.15765380859,0.373840332031
3.154296875,0.415802001953
3.15002441406,0.450134277344
3.15063476562,0.461578369141
3.15002441406,0.480651855469
3.15124511719,0.518798828125
3.15032958984,0.404357910156
3.14697265625,0.499725341797
3.14880371094,0.431060791016
3.15063476562,0.457763671875
3.15124511719,0.469207763672
3.15032958984,0.450134277344
3.15155029297,0.392913818359
3.15155029297,0.404357910156
3.15002441406,0.457763671875
3.15155029297,0.419616699219
3.15124511719,0.434875488281
3.15124511719,0.431060791016
3.15124511719,0.423431396484
3.14819335938,0.431060791016
3.15063476562,0.381469726562
3.15277099609,0.415802001953
3.14971923828,0.438690185547
3.15124511719,0.419616699219
3.15185546875,0.42724609375
3.15124511719,0.446319580078
3.15002441406,0.453948974609
3.15612792969,0.453948974609
3.15368652344,0.408172607422
3.15093994141,0.446319580078
3.15185546875,0.411987304688
3.15246582031,0.442504882812
3.15246582031,0.404357910156
3.15277099609,0.431060791016
3.15155029297,0.438690185547
3.15338134766,0.347137451172
3.15216064453,0.42724609375
3.15246582031,0.469207763672
3.15155029297,0.453948974609
3.15887451172,0.457763671875
3.15246582031,0.385284423828
3.15338134766,0.400543212891
3.15307617188,0.419616699219
3.15277099609,0.473022460938
3.15277099609,0.450134277344
3.15246582031,0.434875488281
3.15307617188,0.503540039062
3.154296875,0.522613525391
3.15307617188,0.411987304688
3.15338134766,0.400543212891
3.15307617188,0.465393066406
3.15246582031,0.415802001953
3.15704345703,0.423431396484
3.15185546875,0.389099121094
3.15277099609,0.450134277344
3.15368652344,0.423431396484
3.15277099609,0.453948974609
3.15521240234,0.434875488281
3.14819335938,0.400543212891
3.14910888672,0.434875488281
3.15368652344,0.42724609375
3.154296875,0.446319580078
3.16070556641,0.381469726562
