3.16986083984,27.1453857422
3.16558837891,27.1263122559
3.16650390625,27.172088623
3.16619873047,27.2407531738
3.16192626953,27.229309082
3.16619873047,27.2102355957
3.15948486328,27.1835327148
3.16589355469,27.1873474121
3.15826416016,27.1835327148
3.16619873047,27.1644592285
3.16528320312,27.1835327148
3.16650390625,27.2064208984
3.16528320312,27.1949768066
3.16650390625,27.1911621094
3.16864013672,27.1987915039
3.16558837891,27.1835327148
3.16741943359,27.1835327148
3.16619873047,27.2178649902
3.16345214844,27.2102355957
3.16589355469,27.1873474121
3.16589355469,27.2216796875
3.17352294922,27.2979736328
3.16650390625,27.2064208984
3.16925048828,27.4124145508
3.16589355469,27.1911621094
3.16650390625,27.1377563477
3.16650390625,27.214050293
3.16925048828,27.156829834
3.16589355469,27.2102355957
3.16802978516,27.2102355957
3.16619873047,27.1797180176
3.17230224609,27.2483825684
3.16619873047,27.1873474121
3.16619873047,27.1911621094
3.16497802734,27.1263122559
3.16619873047,27.1911621094
3.16497802734,27.1873474121
3.16680908203,27.1759033203
3.16558837891,27.1835327148
3.16375732422,27.1492004395
3.16741943359,27.1492004395
3.16558837891,27.2102355957
3.17016601562,27.1339416504
3.16650390625,27.1835327148
3.16436767578,27.2064208984
3.16650390625,27.1644592285
3.16680908203,27.1415710449
3.16680908203,27.2102355957
3.16131591797,27.1873474121
3.16558837891,27.2178649902
3.17108154297,27.1949768066
3.16650390625,27.1873474121
3.18420410156,27.2750854492
3.16558837891,27.1530151367
3.16589355469,27.1492004395
3.16589355469,27.1644592285
3.16925048828,27.1301269531
3.16619873047,27.1530151367
3.16925048828,27.172088623
3.16711425781,27.1911621094
3.16619873047,27.1987915039
3.17199707031,27.0767211914
3.16467285156,27.1759033203
3.17352294922,27.0767211914
3.16589355469,27.1377563477
3.16558837891,27.1644592285
3.16589355469,27.1949768066
3.16589355469,27.1301269531
3.1640625,27.214050293
3.16558837891,27.1987915039
3.16619873047,27.1530151367
3.16375732422,27.1606445312
3.16131591797,27.2979736328
3.16589355469,27.1873474121
3.16253662109,27.1987915039
3.16619873047,27.1873474121
3.16925048828,27.1835327148
3.16589355469,27.2064208984
3.16375732422,27.0919799805
3.16497802734,27.1873474121
3.16680908203,27.1148681641
3.16558837891,27.1987915039
3.16223144531,27.1453857422
3.16589355469,27.1911621094
3.16528320312,27.2560119629
3.16558837891,27.1797180176
3.16131591797,27.1949768066
3.16528320312,27.1682739258
3.17749023438,27.1453857422
3.16558837891,27.1797180176
3.16680908203,27.1644592285
3.16558837891,27.1797180176
3.16528320312,27.1797180176
3.16589355469,27.2026062012
3.16650390625,27.1682739258
3.16833496094,27.156829834
3.16314697266,27.1835327148
3.16528320312,27.1949768066
3.16680908203,27.2064208984
