3.14910888672,26.927947998
3.15368652344,26.8096923828
3.14758300781,26.7486572266
3.14697265625,26.8211364746
3.15093994141,26.6914367676
3.14208984375,26.8363952637
3.14453125,26.7448425293
3.14361572266,26.7524719238
3.14300537109,26.7448425293
3.14208984375,26.7295837402
3.14178466797,26.6990661621
3.14117431641,26.7028808594
3.14361572266,26.683807373
3.13812255859,26.7219543457
3.15338134766,26.6609191895
3.13934326172,26.6952514648
3.13812255859,26.668548584
3.13995361328,26.6380310059
3.13781738281,26.7295837402
3.13293457031,26.611328125
3.13629150391,26.683807373
3.13171386719,26.6494750977
3.14636230469,26.6609191895
3.13507080078,26.683807373
3.134765625,26.6532897949
3.14117431641,26.6532897949
3.13385009766,26.6456604004
3.13323974609,26.6151428223
3.13385009766,26.6227722168
3.13262939453,26.5960693359
3.13629150391,26.7868041992
3.13232421875,26.6380310059
3.13079833984,26.6265869141
3.13201904297,26.5731811523
3.13110351562,26.6227722168
3.13201904297,26.6456604004
3.12927246094,26.6227722168
3.1298828125,26.6265869141
3.12713623047,26.6342163086
3.12866210938,26.6265869141
3.12652587891,26.611328125
3.12622070312,26.6227722168
3.12835693359,26.5808105469
3.14178466797,26.6304016113
3.12835693359,26.5846252441
3.12835693359,26.6532897949
3.12774658203,26.611328125
3.12835693359,26.554107666
3.12438964844,26.6075134277
3.12652587891,26.5884399414
3.13537597656,26.5312194824
3.12438964844,26.5960693359
3.12561035156,26.6227722168
3.11767578125,26.5693664551
3.12530517578,26.611328125
3.12683105469,26.5502929688
3.12683105469,26.5655517578
3.12438964844,26.5502929688
3.12133789062,26.6075134277
3.12438964844,26.5731811523
3.12561035156,26.5312194824
3.12377929688,26.5998840332
3.12591552734,26.5426635742
3.12316894531,26.554107666
3.12408447266,26.5464782715
3.11950683594,26.5235900879
3.12286376953,26.5808105469
3.12957763672,26.5197753906
3.12164306641,26.5693664551
3.12072753906,26.5693664551
3.12286376953,26.5808105469
3.12164306641,26.6189575195
3.11889648438,26.5769958496
3.12164306641,26.5960693359
3.11614990234,26.6723632812
3.12133789062,26.5922546387
3.11187744141,26.4892578125
3.11981201172,26.611328125
3.12042236328,26.6723632812
3.12133789062,26.5579223633
3.12042236328,26.5464782715
3.11981201172,26.554107666
3.11981201172,26.5846252441
3.12255859375,26.5922546387
3.12103271484,26.6456604004
3.11981201172,26.5579223633
3.11706542969,26.6647338867
3.11981201172,26.554107666
3.11889648438,26.6494750977
3.11920166016,26.5769958496
3.11279296875,26.5769958496
3.11981201172,26.5121459961
3.11981201172,26.5884399414
3.11859130859,26.5884399414
3.11828613281,26.554107666
3.11004638672,26.5121459961
3.11889648438,26.5502929688
3.11798095703,26.5884399414
3.11981201172,26.5502929688
