3.17443847656,27.2407531738
3.173828125,27.2560119629
3.173828125,27.229309082
3.15948486328,27.5077819824
3.17291259766,27.2636413574
3.17687988281,27.3551940918
3.17443847656,27.2560119629
3.17596435547,27.1759033203
3.17413330078,27.229309082
3.17138671875,27.2483825684
3.17413330078,27.2636413574
3.17016601562,27.2483825684
3.17413330078,27.2369384766
3.17352294922,27.2941589355
3.17321777344,27.2674560547
3.17413330078,27.229309082
3.17626953125,27.286529541
3.17138671875,27.2102355957
3.17413330078,27.2789001465
3.17413330078,27.2445678711
3.17413330078,27.2560119629
3.17932128906,27.1949768066
3.17291259766,27.2560119629
3.17443847656,27.2407531738
3.17413330078,27.2560119629
3.17474365234,27.286529541
3.17535400391,27.2407531738
3.17138671875,27.1797180176
3.17413330078,27.271270752
3.173828125,27.2407531738
3.16925048828,27.1759033203
3.173828125,27.2636413574
3.17199707031,27.2903442383
3.17352294922,27.2598266602
3.17352294922,27.2254943848
3.17413330078,27.286529541
3.17352294922,27.2521972656
3.17108154297,27.3590087891
3.17321777344,27.2560119629
3.17169189453,27.1301269531
3.17321777344,27.2789001465
3.17199707031,27.2560119629
3.17443847656,27.2254943848
3.17230224609,27.2178649902
3.17291259766,27.2827148438
3.17291259766,27.1835327148
3.173828125,27.2674560547
3.17138671875,27.271270752
3.17413330078,27.271270752
3.17291259766,27.2178649902
3.17260742188,27.2102355957
3.17474365234,27.2598266602
3.17108154297,27.3094177246
3.173828125,27.2598266602
3.16284179688,27.2598266602
3.173828125,27.2178649902
3.17779541016,27.229309082
3.173828125,27.2598266602
3.18023681641,27.2102355957
3.17321777344,27.2636413574
3.173828125,27.2674560547
3.16223144531,27.3284912109
3.17443847656,27.2521972656
3.17352294922,27.2598266602
3.19213867188,27.2254943848
3.17321777344,27.2407531738
3.17443847656,27.1987915039
3.17352294922,27.229309082
3.17474365234,27.2483825684
3.17321777344,27.2750854492
3.17291259766,27.2598266602
3.17352294922,27.2521972656
3.17230224609,27.229309082
3.17321777344,27.2331237793
3.17504882812,27.2903442383
3.17443847656,27.2521972656
3.16589355469,27.2102355957
3.173828125,27.2178649902
3.173828125,27.2598266602
3.17108154297,27.2789001465
3.17443847656,27.2560119629
3.17993164062,27.3170471191
3.17443847656,27.2445678711
3.17169189453,27.2521972656
3.17321777344,27.2178649902
3.18969726562,27.2178649902
3.17291259766,27.2560119629
3.17321777344,27.3628234863
3.17321777344,27.2254943848
3.18084716797,27.2636413574
3.17352294922,27.271270752
3.17413330078,27.2789001465
3.17504882812,27.3094177246
3.17291259766,27.2331237793
3.17779541016,27.1835327148
3.17321777344,27.2483825684
3.18176269531,27.2369384766
3.17352294922,27.2598266602
3.16741943359,27.2636413574
