3.17810058594,27.214050293
3.18145751953,27.3361206055
3.18176269531,27.3704528809
3.18115234375,27.3513793945
3.18511962891,27.3323059082
3.18145751953,27.3513793945
3.17901611328,27.2216796875
3.18145751953,27.3132324219
3.18023681641,27.3246765137
3.18176269531,27.3628234863
3.17840576172,27.3056030273
3.18084716797,27.3475646973
3.17962646484,27.3056030273
3.18054199219,27.3704528809
3.17291259766,27.34375
3.18176269531,27.3284912109
3.18115234375,27.3323059082
3.18298339844,27.3818969727
3.18176269531,27.3361206055
3.18969726562,27.3742675781
3.18176269531,27.3551940918
3.18054199219,27.3246765137
3.18145751953,27.3475646973
3.19152832031,27.3933410645
3.18115234375,27.3132324219
3.17993164062,27.4085998535
3.18084716797,27.3628234863
3.18054199219,27.3818969727
3.18450927734,27.3323059082
3.18206787109,27.3323059082
3.18176269531,27.2979736328
3.18145751953,27.3208618164
3.19030761719,27.1644592285
3.18145751953,27.3361206055
3.18206787109,27.3666381836
3.18237304688,27.3246765137
3.18023681641,27.3170471191
3.18237304688,27.3246765137
3.18145751953,27.3742675781
3.17443847656,27.3513793945
3.18267822266,27.34375
3.1787109375,27.271270752
3.18084716797,27.34375
3.17779541016,27.4467468262
3.18145751953,27.3933410645
3.18084716797,27.3323059082
3.18237304688,27.3742675781
3.17504882812,27.4467468262
3.18054199219,27.3551940918
3.17687988281,27.2750854492
3.18328857422,27.3361206055
3.18237304688,27.214050293
3.18084716797,27.3170471191
3.18206787109,27.4810791016
3.18145751953,27.3361206055
3.18450927734,27.34375
3.18084716797,27.3666381836
3.17810058594,27.3551940918
3.18328857422,27.458190918
3.18023681641,27.34375
3.17504882812,27.2331237793
3.18115234375,27.3628234863
3.18084716797,27.2598266602
3.18054199219,27.3017883301
3.18878173828,27.3208618164
3.18023681641,27.3361206055
3.19305419922,27.3132324219
3.18054199219,27.3780822754
3.17962646484,27.3590087891
3.18084716797,27.3971557617
3.18023681641,27.3551940918
3.17993164062,27.3323059082
3.18145751953,27.3323059082
3.18237304688,27.3323059082
3.18023681641,27.3170471191
3.17565917969,27.4391174316
3.18084716797,27.3284912109
3.18420410156,27.3017883301
3.18054199219,27.34375
3.1787109375,27.34375
3.18054199219,27.3246765137
3.17840576172,27.286529541
3.18023681641,27.3246765137
3.18054199219,27.3361206055
3.17504882812,27.4314880371
3.17687988281,27.3132324219
3.18054199219,27.3056030273
3.18084716797,27.3399353027
3.173828125,27.3551940918
3.18023681641,27.3208618164
3.18267822266,27.3017883301
3.18115234375,27.34375
3.18389892578,27.3132324219
3.17962646484,27.3284912109
3.18023681641,27.3132324219
3.17962646484,27.2941589355
3.18084716797,27.3246765137
3.18389892578,27.3399353027
3.18023681641,27.3246765137
