3.15368652344,0.457763671875
3.14666748047,0.602722167969
3.15368652344,0.411987304688
3.15277099609,0.465393066406
3.16040039062,0.431060791016
3.15002441406,0.545501708984
3.154296875,0.465393066406
3.154296875,0.469207763672
3.15490722656,0.400543212891
3.15643310547,0.461578369141
3.15307617188,0.423431396484
3.154296875,0.423431396484
3.15490722656,0.438690185547
3.154296875,0.392913818359
3.15490722656,0.408172607422
3.15612792969,0.469207763672
3.14880371094,0.503540039062
3.15063476562,0.503540039062
3.15765380859,0.442504882812
3.15521240234,0.446319580078
3.15490722656,0.419616699219
3.15521240234,0.434875488281
3.15521240234,0.469207763672
3.15551757812,0.404357910156
3.15338134766,0.667572021484
3.15216064453,0.339508056641
3.15551757812,0.431060791016
3.15460205078,0.431060791016
3.15521240234,0.457763671875
3.15551757812,0.42724609375
3.15521240234,0.415802001953
3.154296875,0.522613525391
3.15246582031,0.473022460938
3.15582275391,0.423431396484
3.15643310547,0.431060791016
3.15551757812,0.446319580078
3.15704345703,0.392913818359
3.15704345703,0.415802001953
3.15185546875,0.354766845703
3.15612792969,0.385284423828
3.15582275391,0.457763671875
3.15307617188,0.415802001953
3.15551757812,0.518798828125
3.15521240234,0.438690185547
3.15307617188,0.446319580078
3.15643310547,0.438690185547
3.15582275391,0.42724609375
3.15643310547,0.476837158203
3.15582275391,0.484466552734
3.15551757812,0.396728515625
3.15551757812,0.408172607422
3.15704345703,0.434875488281
3.15643310547,0.442504882812
3.15612792969,0.450134277344
3.15612792969,0.446319580078
3.15643310547,0.465393066406
3.15673828125,0.404357910156
3.15704345703,0.423431396484
3.16070556641,0.362396240234
3.15673828125,0.434875488281
3.15643310547,0.431060791016
3.15704345703,0.434875488281
3.16223144531,0.423431396484
3.15612792969,0.476837158203
3.15704345703,0.392913818359
3.15582275391,0.381469726562
3.15246582031,0.522613525391
3.15673828125,0.419616699219
3.15734863281,0.450134277344
3.15704345703,0.400543212891
3.15582275391,0.450134277344
3.16467285156,0.442504882812
3.15612792969,0.484466552734
3.15155029297,0.396728515625
3.16772460938,0.434875488281
3.15551757812,0.42724609375
3.15032958984,0.347137451172
3.15521240234,0.408172607422
3.15765380859,0.404357910156
3.15795898438,0.419616699219
3.15765380859,0.446319580078
3.15765380859,0.465393066406
3.15795898438,0.408172607422
3.16101074219,0.423431396484
3.15765380859,0.400543212891
3.15795898438,0.453948974609
3.15795898438,0.457763671875
3.15765380859,0.492095947266
3.15704345703,0.469207763672
3.15460205078,0.404357910156
3.15765380859,0.446319580078
3.15856933594,0.438690185547
3.15826416016,0.423431396484
3.15795898438,0.442504882812
3.15826416016,0.404357910156
3.15765380859,0.457763671875
3.15856933594,0.465393066406
3.15887451172,0.415802001953
3.16040039062,0.480651855469
