3.17840576172,27.3170471191
3.17840576172,27.3323059082
3.17810058594,27.2903442383
3.17840576172,27.3094177246
3.17932128906,27.3056030273
3.16467285156,27.2827148438
3.17840576172,27.2827148438
3.17840576172,27.286529541
3.18420410156,27.3056030273
3.17962646484,27.2560119629
3.17962646484,27.2903442383
3.17138671875,27.3170471191
3.17840576172,27.271270752
3.17321777344,27.3628234863
3.18023681641,27.3132324219
3.17443847656,27.2903442383
3.17840576172,27.2750854492
3.17749023438,27.4505615234
3.17810058594,27.2941589355
3.1787109375,27.286529541
3.17810058594,27.271270752
3.17840576172,27.2941589355
3.17535400391,27.3780822754
3.17962646484,27.3323059082
3.17810058594,27.2560119629
3.1787109375,27.2941589355
3.17962646484,27.2636413574
3.1787109375,27.2598266602
3.17352294922,27.271270752
3.17779541016,27.2941589355
3.17962646484,27.3246765137
3.17138671875,27.229309082
3.17687988281,27.3399353027
3.18511962891,27.3170471191
3.1787109375,27.2941589355
3.16619873047,27.271270752
3.17810058594,27.3208618164
3.17596435547,27.2903442383
3.17840576172,27.3170471191
3.17199707031,27.3094177246
3.17810058594,27.2789001465
3.17687988281,27.2598266602
3.17840576172,27.271270752
3.17199707031,27.1873474121
3.17840576172,27.2789001465
3.17840576172,27.3056030273
3.17718505859,27.3017883301
3.17932128906,27.3056030273
3.17779541016,27.3056030273
3.17901611328,27.2636413574
3.18206787109,27.3742675781
3.17810058594,27.3361206055
3.17321777344,27.2789001465
3.17810058594,27.2750854492
3.17687988281,27.214050293
3.1787109375,27.2827148438
3.17749023438,27.2750854492
3.18176269531,27.214050293
3.17810058594,27.271270752
3.17413330078,27.2598266602
3.17901611328,27.2789001465
3.17810058594,27.3284912109
3.18481445312,27.2521972656
3.17810058594,27.2560119629
3.17687988281,27.2979736328
3.17810058594,27.2903442383
3.17749023438,27.2178649902
3.17840576172,27.2674560547
3.18389892578,27.2827148438
3.18176269531,27.271270752
3.17687988281,27.2789001465
3.17535400391,27.1987915039
3.17840576172,27.3017883301
3.17230224609,27.1949768066
3.17687988281,27.2941589355
3.17810058594,27.2674560547
3.17810058594,27.286529541
3.17718505859,27.2789001465
3.17749023438,27.2521972656
3.17779541016,27.3094177246
3.18572998047,27.286529541
3.17840576172,27.2102355957
3.17199707031,27.2254943848
3.17810058594,27.2903442383
3.18756103516,27.2521972656
3.17779541016,27.286529541
3.17596435547,27.3971557617
3.17779541016,27.2560119629
3.17779541016,27.2789001465
3.17810058594,27.2674560547
3.17840576172,27.2903442383
3.17749023438,27.214050293
3.17840576172,27.3132324219
3.17199707031,27.4696350098
3.17779541016,27.2560119629
3.17657470703,27.3857116699
3.17810058594,27.2598266602
3.18115234375,27.271270752
3.17810058594,27.2903442383
