3.15856933594,0.411987304688
3.15795898438,0.415802001953
3.15826416016,0.408172607422
3.15856933594,0.42724609375
3.15887451172,0.473022460938
3.15826416016,0.431060791016
3.15826416016,0.408172607422
3.15612792969,0.320434570312
3.15612792969,0.408172607422
3.15734863281,0.3662109375
3.15856933594,0.396728515625
3.15856933594,0.450134277344
3.15856933594,0.438690185547
3.15856933594,0.431060791016
3.15887451172,0.507354736328
3.15826416016,0.572204589844
3.1591796875,0.408172607422
3.154296875,0.377655029297
3.15979003906,0.431060791016
3.15399169922,0.576019287109
3.1591796875,0.42724609375
3.1591796875,0.438690185547
3.15887451172,0.446319580078
3.17016601562,0.48828125
3.15734863281,0.476837158203
3.15856933594,0.473022460938
3.14575195312,0.423431396484
3.16345214844,0.312805175781
3.15734863281,0.370025634766
3.15948486328,0.442504882812
3.15887451172,0.434875488281
3.1591796875,0.389099121094
3.15948486328,0.411987304688
3.15704345703,0.415802001953
3.16070556641,0.385284423828
3.15948486328,0.400543212891
3.15948486328,0.434875488281
3.16040039062,0.461578369141
3.16192626953,0.457763671875
3.16131591797,0.499725341797
3.15551757812,0.381469726562
3.16009521484,0.446319580078
3.16040039062,0.431060791016
3.16009521484,0.423431396484
3.15795898438,0.461578369141
3.16131591797,0.316619873047
3.15948486328,0.411987304688
3.15979003906,0.411987304688
3.16009521484,0.370025634766
3.16009521484,0.431060791016
3.1591796875,0.42724609375
3.16802978516,0.392913818359
3.16314697266,0.404357910156
3.15368652344,0.423431396484
3.16467285156,0.423431396484
3.16680908203,0.450134277344
3.16101074219,0.469207763672
3.16040039062,0.392913818359
3.16070556641,0.48828125
3.16101074219,0.419616699219
3.16864013672,0.473022460938
3.15795898438,0.438690185547
3.16375732422,0.415802001953
3.16009521484,0.461578369141
3.16009521484,0.450134277344
3.16101074219,0.419616699219
3.16101074219,0.419616699219
3.15765380859,0.404357910156
3.16101074219,0.446319580078
3.16284179688,0.400543212891
3.15979003906,0.438690185547
3.16101074219,0.434875488281
3.15948486328,0.450134277344
3.16070556641,0.42724609375
3.16284179688,0.400543212891
3.15216064453,0.598907470703
3.1591796875,0.392913818359
3.17535400391,0.453948974609
3.16253662109,0.469207763672
3.16070556641,0.446319580078
3.16375732422,0.495910644531
3.15856933594,0.377655029297
3.16192626953,0.469207763672
3.16040039062,0.453948974609
3.16131591797,0.442504882812
3.16192626953,0.400543212891
3.16253662109,0.419616699219
3.16497802734,0.404357910156
3.16223144531,0.442504882812
3.16192626953,0.408172607422
3.16131591797,0.431060791016
3.16131591797,0.431060791016
3.16131591797,0.450134277344
3.16009521484,0.312805175781
3.16955566406,0.534057617188
3.16101074219,0.450134277344
3.16192626953,0.423431396484
3.16162109375,0.419616699219
3.16284179688,0.423431396484
