3.06671142578,25.764465332
3.08135986328,25.8293151855
3.06610107422,25.8903503418
3.06579589844,25.7797241211
3.06610107422,25.7682800293
3.06488037109,25.7949829102
3.05908203125,25.8102416992
3.06335449219,25.764465332
3.06365966797,25.7949829102
3.06365966797,25.707244873
3.06182861328,25.764465332
3.06304931641,25.7759094238
3.06182861328,25.764465332
3.05511474609,25.6423950195
3.0615234375,25.7377624512
3.06121826172,25.7530212402
3.06549072266,25.8865356445
3.05969238281,25.7568359375
3.06121826172,25.7759094238
3.05541992188,25.7759094238
3.05816650391,25.7186889648
3.05908203125,25.7606506348
3.05877685547,25.7148742676
3.05633544922,25.707244873
3.05816650391,25.7301330566
3.05847167969,25.7682800293
3.05725097656,25.7034301758
3.06457519531,25.764465332
3.05389404297,25.6767272949
3.05541992188,25.7415771484
3.05541992188,25.7186889648
3.05236816406,25.749206543
3.05419921875,25.7110595703
3.05053710938,25.8712768555
3.05328369141,25.6958007812
3.05328369141,25.7453918457
3.04779052734,25.6843566895
3.05297851562,25.7148742676
3.05145263672,25.7186889648
3.05267333984,25.6690979004
3.05145263672,25.7530212402
3.04931640625,25.6958007812
3.05328369141,25.8522033691
3.05084228516,25.707244873
3.04992675781,25.6805419922
3.06030273438,25.6881713867
3.04901123047,25.8979797363
3.04992675781,25.749206543
3.04840087891,25.7225036621
3.04931640625,25.7186889648
3.04168701172,25.6004333496
3.04748535156,25.7759094238
3.04748535156,25.691986084
3.04809570312,25.7148742676
3.05084228516,25.634765625
3.04748535156,25.6614685059
3.04595947266,25.6996154785
3.04534912109,25.6958007812
3.04748535156,25.7797241211
3.03863525391,25.8369445801
3.04321289062,25.707244873
3.04382324219,25.6958007812
3.04260253906,25.7034301758
3.04931640625,25.6614685059
3.04260253906,25.7034301758
3.04412841797,25.6958007812
3.04260253906,25.6958007812
3.04229736328,25.691986084
3.04168701172,25.6958007812
3.04138183594,25.7148742676
3.04107666016,25.7034301758
3.06213378906,25.6996154785
3.04046630859,25.6843566895
3.04168701172,25.7110595703
3.03253173828,25.8102416992
3.04077148438,25.707244873
3.03924560547,25.6538391113
3.03924560547,25.8255004883
3.03802490234,25.6614685059
3.03771972656,25.6538391113
3.03771972656,25.6423950195
3.037109375,25.6843566895
3.04168701172,25.6729125977
3.03466796875,25.6958007812
3.03588867188,25.6881713867
3.03039550781,25.6233215332
3.03497314453,25.6385803223
3.03466796875,25.6843566895
3.04107666016,25.5813598633
3.03405761719,25.6690979004
3.03192138672,25.6004333496
3.02734375,25.7835388184
3.03527832031,25.6538391113
3.03344726562,25.6271362305
3.03405761719,25.7949829102
3.03344726562,25.6195068359
3.03527832031,25.5737304688
3.03161621094,25.6843566895
3.03070068359,25.634765625
