3.193359375,27.4772644043
3.18908691406,27.4772644043
3.19305419922,27.515411377
3.19427490234,27.5039672852
3.19396972656,27.4505615234
3.19244384766,27.5459289551
3.19305419922,27.515411377
3.18817138672,27.5077819824
3.19183349609,27.4353027344
3.19244384766,27.4810791016
3.19122314453,27.5192260742
3.19244384766,27.5230407715
3.19274902344,27.4353027344
3.19061279297,27.4963378906
3.18389892578,27.4391174316
3.19244384766,27.4848937988
3.193359375,27.5993347168
3.19244384766,27.5230407715
3.19091796875,27.400970459
3.19213867188,27.4887084961
3.19396972656,27.5077819824
3.19183349609,27.4848937988
3.19061279297,27.4963378906
3.19183349609,27.4925231934
3.21197509766,27.473449707
3.19030761719,27.5497436523
3.19183349609,27.4925231934
3.19122314453,27.5650024414
3.19549560547,27.4848937988
3.19152832031,27.4810791016
3.18878173828,27.5611877441
3.19122314453,27.4925231934
3.19122314453,27.5421142578
3.19000244141,27.5039672852
3.19152832031,27.5077819824
3.19122314453,27.5001525879
3.18542480469,27.4772644043
3.19152832031,27.4772644043
3.18969726562,27.4543762207
3.19122314453,27.4925231934
3.19671630859,27.3017883301
3.19091796875,27.4887084961
3.19183349609,27.4963378906
3.19519042969,27.4848937988
3.19061279297,27.4925231934
3.19000244141,27.4810791016
3.19061279297,27.458190918
3.18634033203,27.5344848633
3.18939208984,27.473449707
3.18756103516,27.3857116699
3.19091796875,27.5077819824
3.19732666016,27.3895263672
3.19091796875,27.4963378906
3.19549560547,27.473449707
3.19091796875,27.4887084961
3.18878173828,27.5001525879
3.19244384766,27.473449707
3.18908691406,27.473449707
3.19030761719,27.4925231934
3.19030761719,27.5115966797
3.19580078125,27.4467468262
3.19000244141,27.4696350098
3.18969726562,27.6184082031
3.19000244141,27.4658203125
3.19580078125,27.4887084961
3.19061279297,27.5115966797
3.19183349609,27.4772644043
3.19091796875,27.4810791016
3.18725585938,27.5077819824
3.19000244141,27.4543762207
3.19213867188,27.4848937988
3.19000244141,27.5268554688
3.19183349609,27.4467468262
3.18084716797,27.6374816895
3.18939208984,27.4543762207
3.19396972656,27.5802612305
3.19000244141,27.4848937988
3.18756103516,27.587890625
3.19030761719,27.4658203125
3.19030761719,27.473449707
3.18969726562,27.416229248
3.18725585938,27.5192260742
3.18969726562,27.4505615234
3.19152832031,27.4085998535
3.18603515625,27.4772644043
3.18908691406,27.4314880371
3.19122314453,27.4429321289
3.18817138672,27.4620056152
3.18725585938,27.2941589355
3.18939208984,27.4620056152
3.19122314453,27.4505615234
3.18939208984,27.473449707
3.18786621094,27.4848937988
3.18878173828,27.4391174316
3.18634033203,27.4543762207
3.18817138672,27.4353027344
3.19274902344,27.458190918
3.18878173828,27.4391174316
3.1884765625,27.4848937988
