3.09417724609,26.4282226562
3.09112548828,26.3824462891
3.09112548828,26.4282226562
3.08532714844,26.3671875
3.08990478516,26.3710021973
3.08837890625,26.4282226562
3.09295654297,26.3977050781
3.08959960938,26.4015197754
3.09478759766,26.2680053711
3.08929443359,26.3900756836
3.08898925781,26.3938903809
3.10028076172,26.2680053711
3.09112548828,26.3710021973
3.08868408203,26.3595581055
3.09478759766,26.3290405273
3.08807373047,26.4167785645
3.08776855469,26.3557434082
3.09020996094,26.4472961426
3.08776855469,26.3404846191
3.08837890625,26.3595581055
3.08349609375,26.5617370605
3.08654785156,26.3519287109
3.08715820312,26.3481140137
3.09051513672,26.3214111328
3.09020996094,26.3824462891
3.08654785156,26.3862609863
3.08837890625,26.3481140137
3.08471679688,26.3671875
3.08654785156,26.3519287109
3.0859375,26.3977050781
3.08502197266,26.3557434082
3.08441162109,26.2870788574
3.08227539062,26.3748168945
3.08471679688,26.3137817383
3.08807373047,26.3404846191
3.08441162109,26.3519287109
3.08563232422,26.3137817383
3.08502197266,26.3023376465
3.08471679688,26.3938903809
3.08441162109,26.3290405273
3.08685302734,26.3252258301
3.08410644531,26.3481140137
3.0712890625,26.2756347656
3.08410644531,26.3175964355
3.08319091797,26.3214111328
3.08441162109,26.3023376465
3.08258056641,26.3404846191
3.08349609375,26.3481140137
3.08349609375,26.2489318848
3.08258056641,26.3366699219
3.08227539062,26.3137817383
3.0712890625,26.4549255371
3.08319091797,26.3175964355
3.08319091797,26.3061523438
3.08258056641,26.2680053711
3.08868408203,26.2985229492
3.08074951172,26.3442993164
3.08197021484,26.2870788574
3.09478759766,26.2489318848
3.08044433594,26.2680053711
3.08044433594,26.2985229492
3.08044433594,26.3061523438
3.08013916016,26.3061523438
3.07952880859,26.2985229492
3.08013916016,26.3175964355
3.07983398438,26.2756347656
3.07952880859,26.3404846191
3.07861328125,26.2107849121
3.07312011719,26.2641906738
3.08319091797,26.1993408203
3.08013916016,26.3252258301
3.07800292969,26.3214111328
3.08044433594,26.2641906738
3.07800292969,26.2985229492
3.076171875,26.2908935547
3.07495117188,26.2985229492
3.07800292969,26.2870788574
3.07769775391,26.2985229492
3.08288574219,26.2680053711
3.07739257812,26.2413024902
3.07678222656,26.2680053711
3.07708740234,26.2985229492
3.07739257812,26.2641906738
3.076171875,26.2641906738
3.07739257812,26.1840820312
3.07678222656,26.2908935547
3.07586669922,26.2603759766
3.07342529297,26.3977050781
3.07586669922,26.252746582
3.07556152344,26.2794494629
3.0810546875,26.3900756836
3.07525634766,26.2908935547
3.07495117188,26.2641906738
3.06884765625,26.2794494629
3.07434082031,26.2680053711
3.07434082031,26.2413024902
3.07708740234,26.237487793
3.07525634766,26.2489318848
3.07342529297,26.2489318848
