3.17321777344,27.2407531738
3.18298339844,27.1682739258
3.17352294922,27.2102355957
3.15948486328,27.1873474121
3.173828125,27.271270752
3.17535400391,27.416229248
3.17413330078,27.2789001465
3.17260742188,27.2369384766
3.173828125,27.214050293
3.17260742188,27.2560119629
3.16680908203,27.2598266602
3.17230224609,27.2369384766
3.17901611328,27.3475646973
3.17352294922,27.2331237793
3.17199707031,27.1797180176
3.17474365234,27.2674560547
3.17352294922,27.2674560547
3.17291259766,27.2789001465
3.18145751953,27.3818969727
3.17443847656,27.2598266602
3.17626953125,27.2178649902
3.17749023438,27.2598266602
3.17413330078,27.2483825684
3.18359375,27.1873474121
3.17291259766,27.2445678711
3.17504882812,27.2789001465
3.17321777344,27.229309082
3.17657470703,27.2407531738
3.17352294922,27.156829834
3.17352294922,27.1987915039
3.17352294922,27.3971557617
3.17321777344,27.2521972656
3.18084716797,27.2560119629
3.17321777344,27.2560119629
3.17474365234,27.2369384766
3.17352294922,27.2483825684
3.17108154297,27.229309082
3.17352294922,27.2369384766
3.17352294922,27.2636413574
3.17352294922,27.2026062012
3.17230224609,27.2674560547
3.17352294922,27.2521972656
3.16497802734,27.3246765137
3.17291259766,27.2445678711
3.17810058594,27.1911621094
3.17413330078,27.2331237793
3.17108154297,27.2407531738
3.17260742188,27.3056030273
3.17077636719,27.2598266602
3.17718505859,27.2979736328
3.17260742188,27.1911621094
3.16864013672,27.2331237793
3.17260742188,27.2445678711
3.17260742188,27.1377563477
3.17321777344,27.2636413574
3.18695068359,27.2026062012
3.17321777344,27.2369384766
3.17352294922,27.1949768066
3.173828125,27.2674560547
3.173828125,27.1797180176
3.18634033203,27.1606445312
3.17504882812,27.214050293
3.16986083984,27.4467468262
3.17291259766,27.3056030273
3.16558837891,27.3208618164
3.17291259766,27.2674560547
3.17016601562,27.1530151367
3.16986083984,27.2407531738
3.173828125,27.2445678711
3.17413330078,27.2598266602
3.17291259766,27.2369384766
3.17535400391,27.2178649902
3.17321777344,27.2483825684
3.17352294922,27.2064208984
3.17260742188,27.2827148438
3.17108154297,27.2521972656
3.17291259766,27.2521972656
3.17230224609,27.172088623
3.17352294922,27.2369384766
3.17260742188,27.2407531738
3.17993164062,27.3361206055
3.17352294922,27.214050293
3.17077636719,27.1682739258
3.17260742188,27.2521972656
3.18206787109,27.1606445312
3.17321777344,27.2521972656
3.17443847656,27.1301269531
3.17321777344,27.2178649902
3.17108154297,27.3704528809
3.17260742188,27.2483825684
3.18054199219,27.1911621094
3.17291259766,27.2636413574
3.16711425781,27.2827148438
3.17321777344,27.2598266602
3.17291259766,27.2064208984
3.17291259766,27.1797180176
3.17260742188,27.2636413574
3.17413330078,27.214050293
3.17291259766,27.2407531738
