3.21746826172,27.7519226074
3.22723388672,27.759552002
3.21746826172,27.7671813965
3.21472167969,27.6718139648
3.21655273438,27.7519226074
3.21350097656,27.8244018555
3.21655273438,27.7519226074
3.21502685547,27.6908874512
3.21746826172,27.8015136719
3.21563720703,27.7404785156
3.21136474609,27.717590332
3.212890625,27.717590332
3.21441650391,27.6870727539
3.21411132812,27.7099609375
3.212890625,27.7633666992
3.21411132812,27.7366638184
3.21472167969,27.7290344238
3.21502685547,27.7290344238
3.21533203125,27.7290344238
3.21197509766,27.7214050293
3.21380615234,27.8129577637
3.21228027344,27.7099609375
3.21746826172,27.7862548828
3.21197509766,27.6832580566
3.21746826172,27.6756286621
3.21136474609,27.6794433594
3.21197509766,27.6298522949
3.21258544922,27.7061462402
3.21105957031,27.7099609375
3.21014404297,27.6908874512
3.21136474609,27.6679992676
3.21563720703,27.6565551758
3.20739746094,27.6756286621
3.21014404297,27.6794433594
3.21136474609,27.6794433594
3.20983886719,27.6985168457
3.20922851562,27.6374816895
3.21563720703,27.6336669922
3.21044921875,27.6908874512
3.20709228516,27.6145935059
3.21044921875,27.7137756348
3.20739746094,27.5382995605
3.20892333984,27.6641845703
3.21990966797,27.645111084
3.21014404297,27.6527404785
3.20587158203,27.6298522949
3.20709228516,27.6527404785
3.20953369141,27.5573730469
3.20709228516,27.660369873
3.19885253906,27.5650024414
3.20770263672,27.6565551758
3.20648193359,27.6374816895
3.20617675781,27.6679992676
3.20892333984,27.7290344238
3.20709228516,27.6679992676
3.20678710938,27.6374816895
3.20617675781,27.6527404785
3.20770263672,27.6260375977
3.20892333984,27.6412963867
3.20526123047,27.6184082031
3.20556640625,27.6718139648
3.20220947266,27.6756286621
3.20526123047,27.6145935059
3.20892333984,27.6069641113
3.20434570312,27.6756286621
3.20709228516,27.6069641113
3.20434570312,27.6298522949
3.20220947266,27.6756286621
3.20434570312,27.6489257812
3.20068359375,27.6412963867
3.20373535156,27.6374816895
3.20709228516,27.6222229004
3.20434570312,27.6489257812
3.20068359375,27.5955200195
3.20343017578,27.6527404785
3.20343017578,27.660369873
3.20220947266,27.6069641113
3.203125,27.6107788086
3.19763183594,27.5840759277
3.20220947266,27.6298522949
3.20098876953,27.5268554688
3.20251464844,27.5840759277
3.21044921875,27.587890625
3.20281982422,27.6222229004
3.20251464844,27.6412963867
3.20190429688,27.6412963867
3.19946289062,27.5993347168
3.20037841797,27.6069641113
3.20190429688,27.6374816895
3.20404052734,27.6260375977
3.20739746094,27.6069641113
3.20159912109,27.6222229004
3.20129394531,27.6374816895
3.20648193359,27.5382995605
3.20068359375,27.6489257812
3.20037841797,27.5917053223
3.20220947266,27.6222229004
3.20098876953,27.5726318359
3.20068359375,27.645111084
