3.17199707031,27.0614624023
3.1640625,27.1377563477
3.16314697266,27.1644592285
3.1640625,27.1415710449
3.16162109375,27.1224975586
3.16375732422,27.1644592285
3.18725585938,27.0881652832
3.16558837891,27.1835327148
3.16375732422,27.1911621094
3.17169189453,27.1492004395
3.16375732422,27.1644592285
3.16253662109,27.0843505859
3.16375732422,27.172088623
3.16619873047,27.1415710449
3.16375732422,27.1644592285
3.16436767578,27.1415710449
3.16253662109,27.1530151367
3.1640625,27.172088623
3.15490722656,27.1606445312
3.1640625,27.1492004395
3.15551757812,27.0919799805
3.16345214844,27.1530151367
3.16558837891,27.0881652832
3.16345214844,27.1606445312
3.16772460938,27.1492004395
3.16375732422,27.156829834
3.16284179688,27.1224975586
3.16436767578,27.1377563477
3.16375732422,27.1301269531
3.1591796875,27.1873474121
3.16436767578,27.1530151367
3.1494140625,27.1873474121
3.16345214844,27.1301269531
3.17352294922,27.0500183105
3.16375732422,27.1377563477
3.16467285156,27.1110534668
3.16375732422,27.1492004395
3.16436767578,27.1377563477
3.16314697266,27.1797180176
3.16223144531,27.172088623
3.16375732422,27.1415710449
3.16284179688,27.1034240723
3.16314697266,27.1606445312
3.16375732422,27.1530151367
3.15795898438,27.099609375
3.16345214844,27.1682739258
3.16284179688,27.2178649902
3.16375732422,27.1377563477
3.16253662109,27.3132324219
3.1640625,27.1530151367
3.16833496094,27.1797180176
3.16375732422,27.1377563477
3.16375732422,27.1606445312
3.16345214844,27.1415710449
3.16345214844,27.0843505859
3.17565917969,27.1110534668
3.16345214844,27.1530151367
3.17199707031,27.1835327148
3.16345214844,27.1987915039
3.16040039062,27.3399353027
3.16314697266,27.1759033203
3.17321777344,27.0385742188
3.16375732422,27.1224975586
3.16101074219,27.1263122559
3.16284179688,27.1759033203
3.16345214844,27.1415710449
3.16375732422,27.1530151367
3.16528320312,27.099609375
3.16314697266,27.1759033203
3.16253662109,27.1530151367
3.16131591797,27.042388916
3.16345214844,27.1606445312
3.16711425781,27.099609375
3.16314697266,27.1453857422
3.16802978516,27.0805358887
3.16314697266,27.1263122559
3.16314697266,27.1682739258
3.16314697266,27.1186828613
3.16436767578,27.1530151367
3.16375732422,27.1530151367
3.16162109375,27.0843505859
3.16345214844,27.1492004395
3.16558837891,27.1415710449
3.16345214844,27.1453857422
3.16314697266,27.1949768066
3.16558837891,27.1682739258
3.16314697266,27.1339416504
3.15551757812,27.1072387695
3.16345214844,27.1530151367
3.15093994141,27.1492004395
3.17077636719,27.1377563477
3.16314697266,27.1530151367
3.15948486328,27.1377563477
3.16314697266,27.1873474121
3.16314697266,27.1453857422
3.16345214844,27.1835327148
3.16192626953,27.156829834
3.16040039062,27.1873474121
3.16253662109,27.1759033203
