3.17474365234,27.2369384766
3.17932128906,27.2636413574
3.17474365234,27.2483825684
3.17565917969,27.2178649902
3.17443847656,27.2560119629
3.17474365234,27.2521972656
3.17504882812,27.2674560547
3.17443847656,27.2598266602
3.17901611328,27.2560119629
3.17443847656,27.2827148438
3.17413330078,27.2407531738
3.17687988281,27.4124145508
3.17413330078,27.2560119629
3.17352294922,27.2598266602
3.17443847656,27.2369384766
3.17199707031,27.2598266602
3.17565917969,27.271270752
3.17016601562,27.2483825684
3.17474365234,27.2445678711
3.16925048828,27.2178649902
3.17321777344,27.2750854492
3.19030761719,27.2369384766
3.173828125,27.2521972656
3.17169189453,27.2064208984
3.17443847656,27.2789001465
3.16711425781,27.4124145508
3.17504882812,27.2636413574
3.173828125,27.2331237793
3.17230224609,27.2636413574
3.17474365234,27.2521972656
3.17413330078,27.2445678711
3.17352294922,27.2827148438
3.17291259766,27.2827148438
3.17474365234,27.2254943848
3.16741943359,27.2407531738
3.17443847656,27.2331237793
3.17657470703,27.3246765137
3.17474365234,27.2216796875
3.173828125,27.2674560547
3.17596435547,27.2636413574
3.17443847656,27.2407531738
3.17413330078,27.2521972656
3.17413330078,27.2369384766
3.17199707031,27.1377563477
3.17474365234,27.2407531738
3.17199707031,27.2254943848
3.17504882812,27.2483825684
3.17352294922,27.3628234863
3.17779541016,27.286529541
3.17474365234,27.2560119629
3.18511962891,27.2064208984
3.17443847656,27.2445678711
3.17260742188,27.271270752
3.17474365234,27.2903442383
3.17504882812,27.1606445312
3.17474365234,27.286529541
3.173828125,27.2560119629
3.17443847656,27.2941589355
3.17504882812,27.2560119629
3.17932128906,27.1987915039
3.17321777344,27.2598266602
3.17993164062,27.172088623
3.17413330078,27.2445678711
3.16070556641,27.3094177246
3.17108154297,27.2560119629
3.17840576172,27.1110534668
3.17504882812,27.2789001465
3.17749023438,27.2369384766
3.17535400391,27.2521972656
3.17352294922,27.2750854492
3.18603515625,27.2102355957
3.17504882812,27.229309082
3.18389892578,27.1987915039
3.17474365234,27.229309082
3.17260742188,27.2026062012
3.17443847656,27.2445678711
3.17565917969,27.214050293
3.17504882812,27.2369384766
3.17413330078,27.286529541
3.17474365234,27.2521972656
3.17626953125,27.2598266602
3.17321777344,27.3056030273
3.17413330078,27.286529541
3.17138671875,27.3170471191
3.17443847656,27.2407531738
3.17443847656,27.3666381836
3.17443847656,27.271270752
3.17626953125,27.229309082
3.17504882812,27.2483825684
3.173828125,27.229309082
3.17413330078,27.2560119629
3.1689453125,27.2445678711
3.17413330078,27.2598266602
3.17199707031,27.2483825684
3.16955566406,27.1987915039
3.173828125,27.2369384766
3.16436767578,27.4543762207
3.17443847656,27.2789001465
3.173828125,27.2789001465
