3.16497802734,27.1949768066
3.16528320312,27.2789001465
3.16589355469,27.1644592285
3.16497802734,27.3818969727
3.16589355469,27.1606445312
3.15551757812,27.34375
3.16345214844,27.1644592285
3.16558837891,27.1759033203
3.16436767578,27.1987915039
3.16589355469,27.2026062012
3.16650390625,27.1453857422
3.16528320312,27.1453857422
3.16131591797,27.2369384766
3.16619873047,27.1835327148
3.16558837891,27.2369384766
3.16619873047,27.1339416504
3.16619873047,27.2369384766
3.15704345703,27.0576477051
3.16528320312,27.1949768066
3.16223144531,27.0805358887
3.16528320312,27.1873474121
3.16802978516,27.1263122559
3.16589355469,27.1606445312
3.16223144531,27.1339416504
3.16619873047,27.2026062012
3.16314697266,27.172088623
3.16558837891,27.1682739258
3.16955566406,27.1224975586
3.16558837891,27.1492004395
3.16436767578,27.156829834
3.16497802734,27.172088623
3.1640625,27.214050293
3.17016601562,27.458190918
3.16833496094,27.1873474121
3.17047119141,27.3017883301
3.16528320312,27.1759033203
3.17352294922,27.2636413574
3.16314697266,27.1682739258
3.16467285156,27.1949768066
3.16589355469,27.1453857422
3.16345214844,27.1606445312
3.16589355469,27.1530151367
3.16070556641,27.1759033203
3.16375732422,27.1644592285
3.16162109375,27.099609375
3.16558837891,27.2102355957
3.18969726562,27.1987915039
3.16223144531,27.1759033203
3.17687988281,27.1606445312
3.16528320312,27.1644592285
3.16253662109,27.2216796875
3.16497802734,27.1682739258
3.16436767578,27.0957946777
3.16558837891,27.1987915039
3.16436767578,27.2254943848
3.16558837891,27.1530151367
3.16497802734,27.2026062012
3.16864013672,27.1530151367
3.16497802734,27.1873474121
3.16162109375,27.027130127
3.16589355469,27.1835327148
3.17718505859,27.099609375
3.16497802734,27.1797180176
3.16284179688,27.3780822754
3.16497802734,27.1797180176
3.17657470703,27.0500183105
3.16589355469,27.1453857422
3.16589355469,27.2636413574
3.16528320312,27.1263122559
3.16589355469,27.1987915039
3.16528320312,27.1759033203
3.16436767578,27.1644592285
3.16558837891,27.2254943848
3.16436767578,27.2369384766
3.16070556641,27.1835327148
3.16497802734,27.156829834
3.16436767578,27.1835327148
3.16741943359,27.1835327148
3.16528320312,27.1911621094
3.16772460938,27.1530151367
3.16375732422,27.2216796875
3.16528320312,27.1339416504
3.15795898438,27.1949768066
3.16528320312,27.156829834
3.15643310547,27.229309082
3.16528320312,27.1682739258
3.16467285156,27.2407531738
3.16558837891,27.1415710449
3.16467285156,27.0652770996
3.16497802734,27.1873474121
3.16589355469,27.1530151367
3.16558837891,27.1606445312
3.16558837891,27.156829834
3.15887451172,27.2331237793
3.16436767578,27.156829834
3.16558837891,27.1492004395
3.16619873047,27.1415710449
3.16375732422,27.1644592285
3.16558837891,27.1797180176
