3.18298339844,27.400970459
3.18298339844,27.4696350098
3.18267822266,27.3590087891
3.18786621094,27.3551940918
3.18237304688,27.3895263672
3.17749023438,27.3284912109
3.18237304688,27.34375
3.18267822266,27.3590087891
3.18145751953,27.3666381836
3.17626953125,27.3666381836
3.18237304688,27.3551940918
3.17993164062,27.3590087891
3.18206787109,27.3704528809
3.18359375,27.3475646973
3.18206787109,27.3666381836
3.18267822266,27.3323059082
3.17993164062,27.416229248
3.18237304688,27.3513793945
3.18389892578,27.4047851562
3.18206787109,27.3818969727
3.1884765625,27.3666381836
3.18267822266,27.34375
3.17474365234,27.6222229004
3.18237304688,27.3513793945
3.18359375,27.4810791016
3.18206787109,27.3704528809
3.18237304688,27.3590087891
3.18054199219,27.3704528809
3.18145751953,27.3818969727
3.18328857422,27.4810791016
3.18237304688,27.3818969727
3.17230224609,27.473449707
3.18267822266,27.3590087891
3.18084716797,27.3551940918
3.18206787109,27.3704528809
3.18145751953,27.3780822754
3.18176269531,27.3780822754
3.17657470703,27.3513793945
3.18176269531,27.3818969727
3.17687988281,27.515411377
3.18237304688,27.3513793945
3.18328857422,27.3056030273
3.18206787109,27.3551940918
3.18328857422,27.3132324219
3.18237304688,27.3551940918
3.18145751953,27.3551940918
3.18359375,27.3590087891
3.18176269531,27.3780822754
3.17962646484,27.3323059082
3.18176269531,27.3590087891
3.17840576172,27.3704528809
3.18176269531,27.3513793945
3.18084716797,27.271270752
3.18206787109,27.3513793945
3.17321777344,27.3475646973
3.18176269531,27.3742675781
3.18237304688,27.3513793945
3.18206787109,27.3666381836
3.18145751953,27.3933410645
3.173828125,27.4085998535
3.19091796875,27.3628234863
3.18298339844,27.3628234863
3.18145751953,27.3551940918
3.18328857422,27.3704528809
3.18115234375,27.3933410645
3.19183349609,27.2636413574
3.18145751953,27.3742675781
3.17901611328,27.2636413574
3.18206787109,27.3399353027
3.17687988281,27.3590087891
3.18206787109,27.3246765137
3.18389892578,27.3513793945
3.18206787109,27.3208618164
3.17932128906,27.3323059082
3.18176269531,27.2979736328
3.18206787109,27.3513793945
3.17962646484,27.1644592285
3.18206787109,27.3361206055
3.18054199219,27.2216796875
3.18145751953,27.3094177246
3.18603515625,27.400970459
3.18206787109,27.3323059082
3.17596435547,27.2979736328
3.18115234375,27.3284912109
3.18084716797,27.4238586426
3.18176269531,27.3513793945
3.18054199219,27.4047851562
3.18145751953,27.3284912109
3.18023681641,27.3513793945
3.17657470703,27.3895263672
3.1787109375,27.3513793945
3.18328857422,27.3742675781
3.18145751953,27.3475646973
3.19122314453,27.286529541
3.18389892578,27.3361206055
3.17993164062,27.3170471191
3.18115234375,27.3361206055
3.18115234375,27.3590087891
3.18206787109,27.3857116699
