3.34411621094,0.446319580078
3.34259033203,0.446319580078
3.34197998047,0.404357910156
3.34075927734,0.48828125
3.34289550781,0.450134277344
3.33831787109,0.415802001953
3.34167480469,0.48828125
3.34167480469,0.469207763672
3.34381103516,0.522613525391
3.34228515625,0.453948974609
3.34930419922,0.469207763672
3.34167480469,0.453948974609
3.34136962891,0.495910644531
3.33740234375,0.442504882812
3.34350585938,0.461578369141
3.35296630859,0.48828125
3.34167480469,0.484466552734
3.34228515625,0.476837158203
3.34320068359,0.537872314453
3.34136962891,0.453948974609
3.33129882812,0.507354736328
3.34259033203,0.461578369141
3.34259033203,0.48828125
3.34289550781,0.434875488281
3.34259033203,0.465393066406
3.34167480469,0.469207763672
3.34197998047,0.446319580078
3.35662841797,0.385284423828
3.34259033203,0.465393066406
3.34259033203,0.492095947266
3.34289550781,0.465393066406
3.34106445312,0.473022460938
3.35235595703,0.560760498047
3.34259033203,0.473022460938
3.34045410156,0.438690185547
3.34197998047,0.411987304688
3.34259033203,0.465393066406
3.34259033203,0.419616699219
3.34228515625,0.438690185547
3.34655761719,0.392913818359
3.34136962891,0.469207763672
3.33801269531,0.679016113281
3.34259033203,0.461578369141
3.34411621094,0.469207763672
3.34228515625,0.453948974609
3.24676513672,27.9731750488
3.2470703125,27.9731750488
3.24462890625,27.9312133789
3.24371337891,27.9693603516
3.24127197266,27.9121398926
3.24676513672,27.9006958008
3.24188232422,27.946472168
3.24737548828,27.8930664062
3.23577880859,27.961730957
3.22998046875,27.9159545898
3.23669433594,27.9350280762
3.23883056641,27.9121398926
3.23547363281,27.8625488281
3.24035644531,27.7404785156
3.23333740234,27.8739929199
3.23303222656,27.8358459473
3.23211669922,27.9808044434
3.23211669922,27.8282165527
3.23089599609,27.7976989746
3.23120117188,27.8663635254
3.23089599609,27.8434753418
3.23394775391,27.8511047363
3.22937011719,27.8282165527
3.22540283203,27.8434753418
3.23120117188,27.8091430664
3.22784423828,27.8434753418
3.22845458984,27.8396606445
3.22479248047,27.7519226074
3.22570800781,27.7938842773
3.22601318359,27.8091430664
3.22845458984,27.8968811035
3.22784423828,27.6870727539
3.22448730469,27.8549194336
3.23089599609,27.8091430664
3.22509765625,27.8053283691
3.21136474609,27.7862548828
3.22357177734,27.8167724609
3.21197509766,27.7557373047
3.22235107422,27.7938842773
3.22509765625,27.8663635254
3.22296142578,27.8091430664
3.22052001953,27.8511047363
3.22052001953,27.8091430664
3.21807861328,27.7633666992
3.22082519531,27.7633666992
3.21899414062,27.6489257812
3.22082519531,27.8129577637
3.22143554688,27.8778076172
3.21929931641,27.759552002
3.21960449219,27.7328491211
3.21929931641,27.7519226074
3.21899414062,27.7519226074
3.21685791016,27.7366638184
3.21594238281,27.7709960938
