3.16314697266,27.1835327148
3.16009521484,27.1530151367
3.16314697266,27.172088623
3.1640625,27.1682739258
3.16345214844,27.172088623
3.16528320312,27.1072387695
3.16284179688,27.1606445312
3.16467285156,27.1339416504
3.16345214844,27.1339416504
3.16528320312,27.1606445312
3.16253662109,27.1759033203
3.16101074219,27.1148681641
3.16375732422,27.1301269531
3.16345214844,27.2026062012
3.16253662109,27.156829834
3.16345214844,27.1377563477
3.16192626953,27.2636413574
3.16497802734,27.1224975586
3.16314697266,27.1339416504
3.16009521484,27.1072387695
3.15887451172,27.1110534668
3.16314697266,27.1377563477
3.16223144531,27.0652770996
3.16284179688,27.1148681641
3.1591796875,27.1072387695
3.16284179688,27.156829834
3.17108154297,27.172088623
3.16314697266,27.1415710449
3.16223144531,27.0957946777
3.16253662109,27.1530151367
3.16345214844,27.1415710449
3.16284179688,27.1453857422
3.16345214844,27.1873474121
3.16253662109,27.2254943848
3.16558837891,27.1530151367
3.16467285156,27.1797180176
3.16345214844,27.172088623
3.16040039062,27.1301269531
3.16314697266,27.2026062012
3.16375732422,27.1415710449
3.16284179688,27.1263122559
3.16131591797,27.1415710449
3.16162109375,27.1682739258
3.16253662109,27.1797180176
3.16253662109,27.1263122559
3.16314697266,27.1263122559
3.15887451172,27.1148681641
3.16345214844,27.1530151367
3.16192626953,27.1949768066
3.16284179688,27.1530151367
3.16101074219,27.2178649902
3.16253662109,27.1644592285
3.15887451172,27.1377563477
3.16284179688,27.1339416504
3.16223144531,27.1148681641
3.16284179688,27.1339416504
3.16223144531,27.1263122559
3.16192626953,27.1377563477
3.16223144531,27.2216796875
3.15582275391,27.1224975586
3.16314697266,27.156829834
3.15979003906,27.1797180176
3.16314697266,27.1835327148
3.16375732422,27.3132324219
3.16314697266,27.1377563477
3.15490722656,27.2254943848
3.16253662109,27.1835327148
3.15826416016,27.1644592285
3.16314697266,27.1110534668
3.16192626953,27.1797180176
3.16253662109,27.1682739258
3.16467285156,27.1301269531
3.16253662109,27.1682739258
3.16589355469,27.1911621094
3.16192626953,27.1644592285
3.16131591797,27.1949768066
3.16253662109,27.1377563477
3.16223144531,27.1453857422
3.16864013672,27.1492004395
3.16253662109,27.1453857422
3.16101074219,27.1072387695
3.16284179688,27.1682739258
3.16864013672,27.3056030273
3.16314697266,27.1492004395
3.15673828125,27.3017883301
3.15948486328,27.1873474121
3.16436767578,27.0957946777
3.16284179688,27.156829834
3.16833496094,27.1110534668
3.16314697266,27.1644592285
3.16009521484,27.1110534668
3.16253662109,27.1453857422
3.16558837891,27.0881652832
3.16345214844,27.1530151367
3.16375732422,27.1644592285
3.16131591797,27.1034240723
3.16162109375,27.1492004395
3.16192626953,27.1377563477
3.16314697266,27.1186828613
