3.1689453125,27.2102355957
3.17199707031,27.1873474121
3.16864013672,27.229309082
3.16467285156,27.2026062012
3.16925048828,27.2369384766
3.16864013672,27.271270752
3.16833496094,27.2407531738
3.17230224609,27.1949768066
3.17077636719,27.2407531738
3.15338134766,27.3590087891
3.1689453125,27.1873474121
3.16345214844,27.2521972656
3.17077636719,27.2521972656
3.1689453125,27.2331237793
3.16711425781,27.2407531738
3.1689453125,27.2026062012
3.16680908203,27.1530151367
3.1689453125,27.2636413574
3.16253662109,27.3246765137
3.1689453125,27.2331237793
3.16619873047,27.1949768066
3.1689453125,27.2026062012
3.16864013672,27.2026062012
3.16802978516,27.229309082
3.16680908203,27.2407531738
3.16528320312,27.2636413574
3.16680908203,27.2407531738
3.16253662109,27.286529541
3.16925048828,27.2216796875
3.16680908203,27.2407531738
3.16925048828,27.2026062012
3.17504882812,27.172088623
3.1689453125,27.2254943848
3.16864013672,27.2445678711
3.16864013672,27.2598266602
3.16772460938,27.2636413574
3.16619873047,27.1873474121
3.16864013672,27.2254943848
3.17169189453,27.2331237793
3.16864013672,27.2331237793
3.17138671875,27.2483825684
3.16864013672,27.2216796875
3.17169189453,27.1911621094
3.16864013672,27.229309082
3.16772460938,27.214050293
3.16864013672,27.214050293
3.16772460938,27.2560119629
3.17565917969,27.2560119629
3.16986083984,27.2369384766
3.16131591797,27.1797180176
3.16864013672,27.2369384766
3.17138671875,27.2064208984
3.16955566406,27.229309082
3.1689453125,27.2407531738
3.16864013672,27.2254943848
3.17230224609,27.2254943848
3.16864013672,27.1835327148
3.16650390625,27.2026062012
3.16833496094,27.2216796875
3.16925048828,27.2064208984
3.1689453125,27.229309082
3.16833496094,27.2521972656
3.16619873047,27.2102355957
3.1689453125,27.2331237793
3.16864013672,27.214050293
3.17443847656,27.1682739258
3.16925048828,27.1797180176
3.17352294922,27.2674560547
3.16925048828,27.1911621094
3.16253662109,27.2789001465
3.16925048828,27.2254943848
3.17413330078,27.2369384766
3.16833496094,27.2407531738
3.16833496094,27.2178649902
3.16772460938,27.2254943848
3.1689453125,27.1606445312
3.16802978516,27.2483825684
3.16925048828,27.1987915039
3.17596435547,27.172088623
3.16864013672,27.2102355957
3.17077636719,27.2102355957
3.16833496094,27.2064208984
3.17199707031,27.2331237793
3.16864013672,27.2636413574
3.17108154297,27.5001525879
3.16864013672,27.2598266602
3.16772460938,27.1682739258
3.16802978516,27.2216796875
3.17138671875,27.1453857422
3.16864013672,27.271270752
3.1689453125,27.1873474121
3.16833496094,27.2064208984
3.173828125,27.229309082
3.16864013672,27.2407531738
3.17260742188,27.1949768066
3.16528320312,27.1949768066
3.1689453125,27.2331237793
3.18054199219,27.2979736328
3.16864013672,27.2598266602
