3.16253662109,27.1759033203
3.16284179688,27.1186828613
3.16253662109,27.1148681641
3.16253662109,27.1492004395
3.15490722656,27.1339416504
3.16253662109,27.1415710449
3.16314697266,27.1873474121
3.16162109375,27.1186828613
3.16223144531,27.1797180176
3.17016601562,27.2979736328
3.16070556641,27.1415710449
3.15948486328,27.2026062012
3.16162109375,27.1606445312
3.15643310547,27.1415710449
3.16497802734,27.1530151367
3.16314697266,27.1911621094
3.16284179688,27.1186828613
3.14971923828,27.1224975586
3.16253662109,27.1530151367
3.16253662109,27.0729064941
3.16253662109,27.1644592285
3.16619873047,27.1339416504
3.16284179688,27.1263122559
3.16314697266,27.1224975586
3.16253662109,27.1644592285
3.16253662109,27.1682739258
3.16192626953,27.1644592285
3.16192626953,27.1682739258
3.16192626953,27.099609375
3.16162109375,27.1759033203
3.16162109375,27.1797180176
3.16223144531,27.172088623
3.16162109375,27.0729064941
3.16162109375,27.1263122559
3.17077636719,27.0843505859
3.16253662109,27.1453857422
3.16192626953,27.1453857422
3.16101074219,27.2483825684
3.16253662109,27.1606445312
3.15795898438,27.1682739258
3.16223144531,27.1301269531
3.16162109375,27.1453857422
3.1640625,27.1530151367
3.16223144531,27.1530151367
3.16284179688,27.1110534668
3.16253662109,27.1263122559
3.16162109375,27.1339416504
3.16253662109,27.1797180176
3.16070556641,27.1911621094
3.16375732422,27.156829834
3.16223144531,27.1072387695
3.15887451172,27.027130127
3.16223144531,27.1263122559
3.15826416016,27.1453857422
3.16192626953,27.1415710449
3.16375732422,27.1034240723
3.16192626953,27.1759033203
3.15704345703,27.1301269531
3.16223144531,27.0652770996
3.16192626953,27.214050293
3.15948486328,27.1148681641
3.16162109375,27.1224975586
3.16253662109,27.0957946777
3.16253662109,27.1530151367
3.16101074219,27.1606445312
3.16284179688,27.1339416504
3.1640625,27.0729064941
3.16223144531,27.1186828613
3.1640625,27.1224975586
3.16192626953,27.156829834
3.16162109375,27.1377563477
3.16253662109,27.1224975586
3.16223144531,27.1301269531
3.16680908203,27.1606445312
3.16162109375,27.156829834
3.16619873047,27.0690917969
3.16253662109,27.1072387695
3.16101074219,27.1415710449
3.16314697266,27.1148681641
3.15582275391,27.1377563477
3.16223144531,27.1263122559
3.15948486328,27.34375
3.16162109375,27.1415710449
3.16131591797,27.1835327148
3.16253662109,27.1339416504
3.16162109375,27.1072387695
3.16192626953,27.1492004395
3.15979003906,27.0957946777
3.16162109375,27.156829834
3.16284179688,27.1301269531
3.16009521484,27.1415710449
3.16101074219,27.1224975586
3.15979003906,27.1339416504
3.16101074219,27.1377563477
3.16040039062,27.2941589355
3.16192626953,27.1453857422
3.15734863281,27.027130127
3.16192626953,27.1224975586
3.16955566406,27.0919799805
