array([[ 1.,  0.,  0.,  0.,  0.,  0.,  0.,  0.,  0.,  0.,  0.,  0.],      'SourceBus.1',
       [ 0.,  1.,  0.,  0.,  0.,  0.,  0.,  0.,  0.,  0.,  0.,  0.],      'SourceBus.2',
       [ 0.,  0.,  1.,  0.,  0.,  0.,  0.,  0.,  0.,  0.,  0.,  0.],      'SourceBus.3',
       [ 0.,  0.,  0.,  0.,  0.,  0.,  0.,  0.,  0., -1.,  0.,  0.],      '3.1',
       [ 0.,  0.,  0.,  1.,  0.,  0.,  1.,  0.,  0.,  0.,  0.,  0.],      '1.1',
       [ 0.,  0.,  0.,  0.,  1.,  0.,  0.,  1.,  0.,  0.,  0.,  0.],      '1.2',
       [ 0.,  0.,  0.,  0.,  0.,  1.,  0.,  0.,  1.,  0.,  0.,  0.],      '1.3',
       [ 0.,  0.,  0.,  0.,  0.,  0., -1.,  0.,  0.,  1.,  0.,  0.],      '2.1',
       [ 0.,  0.,  0.,  0.,  0.,  0.,  0., -1.,  0.,  0.,  1.,  0.],      '2.2',
       [ 0.,  0.,  0.,  0.,  0.,  0.,  0.,  0., -1.,  0.,  0.,  1.],      '2.3',
       [ 0.,  0.,  0.,  0.,  0.,  0.,  0.,  0.,  0.,  0., -1.,  0.],      '3.2',
       [ 0.,  0.,  0.,  0.,  0.,  0.,  0.,  0.,  0.,  0.,  0., -1.]])     '3.3'
         trafo_prima  | trafo_sec    | Linea 1-2     | Linea 2-3