1007.55770802,3.45581054688,31.6734313965,31.1857978948
1009.56339693,3.45397949219,28.4004211426,31.2025325419
1011.56910801,3.45428466797,30.7579040527,31.2190123347
1013.5748291,3.45733642578,32.4287414551,31.2366143886
1015.58024096,3.45794677734,32.7949523926,31.2547811065
1017.58722496,3.45245361328,28.8963317871,31.2719774149
1019.59286809,3.45733642578,31.1737060547,31.2887106175
1021.59858799,3.45672607422,31.9328308105,31.3062903448
1023.60422897,3.45764160156,32.5584411621,31.324255114
1025.60993695,3.45642089844,31.2004089355,31.3420164521
1027.61549997,3.45489501953,30.876159668,31.3593079063
1029.62105703,3.45184326172,28.1181335449,31.3757407426
1031.62671804,3.45611572266,29.0679931641,31.3916707405
1033.63375401,3.45733642578,30.9791564941,31.4084091835
1035.6393621,3.45520019531,28.5911560059,31.4250028918
1037.64499807,3.45855712891,31.3529968262,31.4417009681
1039.65094805,3.45672607422,29.5944213867,31.4586811726
1041.65643692,3.46038818359,33.3862304688,31.476223811
1043.661937,3.45672607422,29.5753479004,31.4937612346
1045.66777396,3.45855712891,31.3987731934,31.5107479216
1047.67345405,3.46008300781,32.0777893066,31.5284303767
1049.67914891,3.45733642578,28.9039611816,31.5454179856
1051.68477297,3.4619140625,32.1426391602,31.5624230592
1053.69168091,3.46008300781,32.1807861328,31.5803523916
1055.69717097,3.45550537109,29.5486450195,31.5975465251
1057.70279098,3.45947265625,31.8641662598,31.6146535754
1059.70846796,3.45489501953,29.7927856445,31.6318291212
1061.71421909,3.4619140625,33.3709716797,31.6494250625
1063.71988392,3.46160888672,30.8418273926,31.6673124726
1065.72565603,3.45886230469,31.8794250488,31.6847853253
1067.73123407,3.46069335938,32.8102111816,31.7028047855
1069.7368381,3.45886230469,28.9840698242,31.7200179604
1071.7424469,3.46252441406,31.6963195801,31.7369208941
1073.74822998,3.46221923828,31.1279296875,31.7544225352
1075.75377893,3.46160888672,29.2129516602,31.7712303952
1077.75947189,3.4619140625,30.689239502,31.7879172567
1079.76514912,3.46527099609,33.9202880859,31.8059152925
1081.77074003,3.46649169922,32.3143005371,31.8243652216
1083.77625108,3.46771240234,32.5393676758,31.8424297699
1085.7819531,3.46282958984,30.9410095215,31.8601134811
1087.7876699,3.46038818359,30.1284790039,31.8771257171
1089.79452801,3.46221923828,31.9023132324,31.894415578
1091.80015898,3.46252441406,31.7306518555,31.9121411677
1093.8058691,3.46282958984,31.2423706055,31.9296836161
1095.81148791,3.46405029297,32.7949523926,31.9475217355
1097.81704307,3.46466064453,32.5508117676,31.9657237541
1099.82277107,3.46496582031,33.0467224121,31.9839974779
1101.8284471,3.47015380859,33.0047607422,32.002397183
1103.83408189,3.46618652344,33.6723327637,32.0209707799
1105.83987999,3.46466064453,33.1954956055,32.0395990248
1107.8454361,3.45733642578,30.4679870605,32.0573324535
1109.85113502,3.46069335938,28.3851623535,32.0737271338
1111.85659909,3.46618652344,31.9786071777,32.0905406576
1113.86313701,3.46588134766,33.1268310547,32.1086846201
1115.86874795,3.46343994141,31.5361022949,32.1266969377
1117.87445712,3.46466064453,28.7590026855,32.1434933884
1119.88004589,3.46618652344,31.1622619629,32.1601846961
1121.88572407,3.46710205078,33.6875915527,32.1782496872
1123.89129496,3.46801757812,29.5257568359,32.195857861
1125.89709997,3.46343994141,29.8004150391,32.2123851851
1127.90273404,3.46771240234,32.8636169434,32.2298408958
1129.9084971,3.46435546875,30.2085876465,32.2474114372
1131.91409802,3.46710205078,31.307220459,32.2645470152
1133.91975212,3.466796875,31.5475463867,32.282056032
1135.92534494,3.46649169922,31.5055847168,32.2996197691
1137.93105912,3.46557617188,29.6363830566,32.3166521735
1139.93646193,3.47015380859,33.8821411133,32.3343438716
1141.94214702,3.46557617188,29.6325683594,32.3520369974
1143.94799495,3.46801757812,33.8249206543,32.3697156187
1145.95372701,3.46343994141,28.3279418945,32.3870297838
1147.95939302,3.46801757812,32.1769714355,32.4038843183
1149.96512103,3.46466064453,28.1524658203,32.4206904908
1151.97069502,3.46618652344,30.3039550781,32.4369736404
1153.97634006,3.47137451172,32.6728820801,32.4545165822
1155.98201489,3.46496582031,30.0979614258,32.4720024019
1157.98868108,3.46771240234,32.9818725586,32.489582981
1159.99431896,3.46740722656,32.4592590332,32.5078123161
1162.0012691,3.47106933594,34.236907959,32.5264034108
1164.00688195,3.47442626953,31.7611694336,32.5447876597
1166.01301789,3.47137451172,33.4205627441,32.5629492452
1168.01885104,3.46740722656,28.9688110352,32.5803301721
1170.02455592,3.46527099609,28.3622741699,32.5963008995
1172.03029299,3.46832275391,31.0363769531,32.6128478546
1174.03602099,3.47259521484,32.6843261719,32.6305987433
1176.04166603,3.47229003906,32.1464538574,32.6486581228
1178.04743695,3.46282958984,30.9219360352,32.6662276703
1180.05312991,3.46862792969,29.483795166,32.6830548022
1182.058707,3.46893310547,29.2854309082,32.6994251096
1184.06432295,3.46893310547,29.9758911133,32.7159328114
1186.07006097,3.46527099609,28.5491943359,32.732236421
1188.07571602,3.46801757812,29.5372009277,32.7484171532
1190.08144403,3.46832275391,30.0483703613,32.7650161045
1192.08710003,3.46984863281,31.8908691406,32.7822701055
1194.09280396,3.46801757812,31.7344665527,32.7999942146
1196.1001339,3.46832275391,31.307220459,32.8175699738
1198.10753393,3.47198486328,31.6390991211,32.8351197577
1200.11488295,3.47503662109,32.0510864258,32.8528764843
1202.12063408,3.47229003906,32.5584411621,32.8708751833
1204.1262219,3.47076416016,30.4985046387,32.8884399392
