14.5832231045,3.408203125,3.2844543457,40.0066524903
16.5905659199,3.40911865234,0.747680664062,40.00777664
18.5979731083,3.33831787109,0.667572021484,40.0081712217
20.6054129601,3.17810058594,3.39508056641,40.0093039343
22.6131250858,3.16192626953,-0.118255615234,40.0102176733
24.620415926,3.15124511719,2.15148925781,40.0107845194
26.6278660297,3.14422607422,2.48718261719,40.0120778391
28.6352100372,3.13934326172,-81.6535949707,39.9900064192
30.6425759792,3.13262939453,-81.600189209,39.9444911294
32.6488909721,3.12774658203,-81.4819335938,39.8990475033
34.6547400951,3.12805175781,-81.4247131348,39.8536633152
36.6605129242,3.1201171875,-81.3636779785,39.8083137969
38.6663179398,3.11767578125,-81.3293457031,39.7629901187
40.6719689369,3.11492919922,-81.241607666,39.717703925
42.6777729988,3.11248779297,-81.2072753906,39.672448282
44.6834819317,3.10974121094,-81.1462402344,39.6272213519
46.689260006,3.10699462891,-81.1233520508,39.5820162422
48.6949739456,3.10546875,-80.9593200684,39.5368646484
50.7008049488,3.10363769531,-80.9783935547,39.4917508031
52.7065548897,3.10150146484,-80.9364318848,39.446645157
54.7121219635,3.10638427734,-80.9707641602,39.4015457485
56.7178649902,3.09783935547,-80.8753967285,39.3564593862
58.7236220837,3.09692382812,-80.8258056641,39.3114130899
60.7293300629,3.09539794922,-80.8296203613,39.2663806485
62.7351129055,3.09295654297,-80.7647705078,39.2213635295
64.7408399582,3.09020996094,-80.7418823242,39.1763721041
66.746475935,3.09051513672,-80.696105957,39.1314018489
68.7521989346,3.09051513672,-80.6694030762,39.0864498333
70.7579700947,3.08715820312,-80.6198120117,39.0415179921
72.7637031078,3.0859375,-80.6198120117,38.9966008204
74.7694249153,3.08563232422,-80.5702209473,38.9516977142
76.775190115,3.08319091797,-80.5282592773,38.9068191412
78.7809340954,3.07891845703,-80.5435180664,38.8619484818
80.7865250111,3.0810546875,-80.509185791,38.8170865596
82.7922179699,3.08166503906,-80.4710388184,38.7722425453
84.7980089188,3.07861328125,-80.4290771484,38.7274186569
86.8037230968,3.07830810547,-80.4290771484,38.6826081735
88.8106119633,3.07708740234,-80.3146362305,38.6378033445
90.8163340092,3.076171875,-80.3642272949,38.5930426308
92.8219890594,3.07556152344,-80.3451538086,38.5482749111
94.8291249275,3.07342529297,-80.2841186523,38.5034964702
96.8364629745,3.07647705078,-80.2841186523,38.4587305352
98.8438820839,3.07342529297,-80.3031921387,38.4139574746
100.851212025,3.07189941406,-80.2574157715,38.3691938475
102.858479977,3.0712890625,-80.2116394043,38.3244571264
104.865729094,3.07006835938,-80.2421569824,38.279725079
106.872920036,3.06945800781,-80.1849365234,38.2350017722
108.880429983,3.06884765625,-80.1734924316,38.1902905026
110.887778997,3.06823730469,-80.1734924316,38.1455860079
112.896351099,3.06945800781,-80.1620483398,38.100857467
114.903839111,3.06945800781,-80.0399780273,38.0561902938
116.911164045,3.06579589844,-80.0743103027,38.01155121
118.918351889,3.06579589844,-80.0857543945,37.9669024135
120.925702095,3.06488037109,-80.0476074219,37.92225745
122.933161974,3.06427001953,-80.0514221191,37.8776196197
124.940630913,3.0615234375,-80.0323486328,37.8329858423
126.947973013,3.06274414062,-80.0743103027,37.7883485038
128.955271959,3.06243896484,-80.0361633301,37.7437110614
130.96269393,3.06243896484,-80.005645752,37.6990900276
132.970329046,3.0615234375,-79.9942016602,37.6544759564
134.97883296,3.06121826172,-79.9980163574,37.609844707
136.986114025,3.06060791016,-79.9713134766,37.5652470116
138.993770123,3.05389404297,-79.9903869629,37.5206431111
141.001107931,3.06640625,-80.020904541,37.4760324562
143.008425951,3.05877685547,-79.9217224121,37.4314413844
145.015734911,3.06091308594,-79.9598693848,37.38686753
147.023411989,3.05847167969,-79.8988342285,37.3422918835
149.030620098,3.05786132812,-79.8606872559,37.2977542992
151.038156986,3.05847167969,-79.7729492188,37.2532445195
153.045430899,3.056640625,-79.8301696777,37.2087490782
155.052660942,3.05755615234,-79.8416137695,37.164235467
157.060034037,3.05694580078,-79.8301696777,37.1197186834
159.067306995,3.056640625,-79.7805786133,37.0752211363
161.073791027,3.06243896484,-79.8072814941,37.0307474567
163.079556942,3.05694580078,-79.7958374023,36.9862854434
165.085181952,3.05572509766,-79.776763916,36.9418350545
167.091084957,3.05450439453,-79.833984375,36.8973678768
169.096782923,3.05389404297,-79.7843933105,36.8529031191
171.102505922,3.05358886719,-79.7348022461,36.8084654358
173.108210087,3.05236816406,-79.7538757324,36.7640366712
175.113982916,3.05358886719,-79.719543457,36.7196106363
177.119652033,3.056640625,-79.719543457,36.6751964623
179.125296116,3.05236816406,-79.6852111816,36.6307924063
181.131055117,3.05236816406,-79.6852111816,36.5863953704
183.136898994,3.06304931641,-79.6852111816,36.5419964556
185.142642021,3.05236816406,-79.7119140625,36.4975923345
187.148361921,3.05145263672,-79.6852111816,36.4531887253
189.154143095,3.05236816406,-79.776763916,36.4087656937
191.159846067,3.05206298828,-79.6775817871,36.3643465193
193.165472984,3.04962158203,-79.6775817871,36.3199566575
195.171205044,3.0517578125,-79.6585083008,36.2755697819
197.177166939,3.05084228516,-79.6737670898,36.2311788829
199.182904959,3.05358886719,-79.6890258789,36.1867844366
201.18866396,3.05023193359,-79.6661376953,36.1423916514
203.19442296,3.05023193359,-79.6661376953,36.0980052423
205.200067997,3.04992675781,-79.6699523926,36.0536202926
207.20571804,3.05023193359,-79.6318054199,36.0092447957
209.211451054,3.04901123047,-79.6318054199,35.9648780898
211.217109919,3.04901123047,-79.6241760254,35.9205151494
