411.831516981,3.03833007812,-79.1397094727,31.4966514145
413.838439941,3.03253173828,-79.2350769043,31.4525061374
415.843957901,3.03833007812,-79.158782959,31.4083864526
417.849724054,3.03802490234,-79.1282653809,31.3642910631
419.855343103,3.03802490234,-79.1549682617,31.3201999703
421.861090899,3.03802490234,-79.1206359863,31.2761081725
423.866724014,3.04168701172,-79.1015625,31.2320337723
425.872514009,3.03771972656,-79.1130065918,31.1879580501
427.878134966,3.0419921875,-79.0977478027,31.1438871051
429.88379097,3.03771972656,-79.1091918945,31.0998164525
431.889425993,3.037109375,-79.0863037109,31.0557494488
433.895296097,3.03649902344,-79.1702270508,31.0116602761
435.900960922,3.03741455078,-79.1206359863,30.9675660516
437.906709909,3.03894042969,-79.1282653809,30.9234816664
439.913528919,3.03741455078,-79.1282653809,30.8793716366
441.919203997,3.04138183594,-79.1320800781,30.8352856879
443.924694061,3.03680419922,-79.0863037109,30.7912154939
445.930552006,3.03741455078,-79.0252685547,30.7471669726
447.936206102,3.03649902344,-79.0786743164,30.7031250531
449.941945076,3.03497314453,-79.0748596191,30.6590674549
451.948724985,3.03649902344,-79.0634155273,30.6149912447
453.954555988,3.03558349609,-79.0519714355,30.5709422523
455.960124969,3.03466796875,-79.0405273438,30.5269053896
457.965778112,3.03558349609,-79.029083252,30.4828730547
459.971465111,3.03619384766,-79.0596008301,30.4388346633
461.977178097,3.03588867188,-79.0176391602,30.3947988892
463.982846975,3.03680419922,-79.1091918945,30.3507502692
465.989042997,3.03619384766,-79.0176391602,30.3066900721
467.994703054,3.03497314453,-79.0977478027,30.2626448338
470.000400066,3.03527832031,-79.0634155273,30.218586032
472.005975008,3.03100585938,-79.0138244629,30.1745532887
474.011687994,3.03497314453,-79.0176391602,30.1305302667
476.01750803,3.03253173828,-79.0138244629,30.086504895
478.023247004,3.03527832031,-79.044342041,30.0424738638
480.02888608,3.03436279297,-79.0328979492,29.9984397125
482.034606934,3.03527832031,-79.0138244629,29.9544122671
484.040266991,3.03680419922,-79.0100097656,29.910392532
486.046202898,3.03497314453,-79.0328979492,29.8663614287
488.052561998,3.03497314453,-79.0176391602,29.8223189102
490.058379889,3.03283691406,-79.0405273438,29.7782861466
492.064101934,3.03466796875,-78.9680480957,29.7342693017
494.069857121,3.03680419922,-79.0634155273,29.6902453534
496.075521946,3.20190429688,0.518798828125,29.6683656069
498.081254005,3.21472167969,0.495910644531,29.6686482785
500.086798906,3.22265625,0.492095947266,29.6689234856
502.094029903,3.22814941406,0.476837158203,29.6691936068
504.101447105,3.23425292969,0.503540039062,29.6694669438
506.108812094,3.2373046875,0.499725341797,29.6697466549
508.115907907,3.24340820312,0.461578369141,29.6700146311
510.123090982,3.24737548828,0.461578369141,29.6702719845
512.129300117,3.25103759766,0.503540039062,29.6705409052
514.134860039,3.25927734375,0.518798828125,29.6708256777
516.140567064,3.25744628906,0.503540039062,29.6711104711
518.146361113,3.26202392578,0.446319580078,29.6713750853
520.151953936,3.26354980469,0.522613525391,29.6716449861
522.157689095,3.26599121094,0.572204589844,29.6719499743
524.163413048,3.26873779297,0.507354736328,29.6722507101
526.169092894,3.26995849609,0.492095947266,29.6725291237
528.174678087,3.27239990234,0.492095947266,29.6728032738
530.180569887,3.27484130859,0.492095947266,29.6730774658
532.18621397,3.27728271484,0.499725341797,29.6733537493
534.191988945,3.27941894531,0.499725341797,29.6736321761
536.197613001,3.28155517578,0.507354736328,29.6739127072
538.203287125,3.28338623047,0.495910644531,29.6741921827
540.20887208,3.28552246094,0.48828125,29.6744663327
542.21450901,3.28826904297,0.492095947266,29.6747394273
544.219700098,3.28857421875,0.507354736328,29.6750177731
546.225824118,3.28979492188,0.499725341797,29.6752983741
548.232147932,3.28918457031,0.457763671875,29.6755651842
550.237891912,3.29284667969,0.507354736328,29.6758340426
552.243556023,3.29406738281,0.503540039062,29.676115642
554.249177933,3.29803466797,0.450134277344,29.6763812962
556.254722118,3.29711914062,0.492095947266,29.6766437523
558.260435104,3.29559326172,0.583648681641,29.6769434239
560.266047001,3.29925537109,0.469207763672,29.6772367046
562.271755934,3.30108642578,0.48828125,29.677503433
564.277559996,3.29620361328,0.595092773438,29.6778052435
566.283335924,3.30322265625,0.480651855469,29.6781049245
568.288850069,3.30413818359,0.507354736328,29.6783801274
570.294513941,3.30444335938,0.514984130859,29.6786649146
572.300177097,3.30657958984,0.534057617188,29.6789571403
574.305884123,3.30291748047,0.457763671875,29.6792334323
576.311528921,3.30780029297,0.499725341797,29.6795001522
578.317179918,3.30871582031,0.514984130859,29.6797828123
580.322777987,3.31115722656,0.606536865234,29.6800952179
582.328314066,3.310546875,0.484466552734,29.6803991133
584.335118055,3.31268310547,0.484466552734,29.680669177
586.340779066,3.31268310547,0.503540039062,29.6809444001
588.346479893,3.31268310547,0.473022460938,29.6812164407
590.35213995,3.31024169922,0.480651855469,29.6814820999
592.357856989,3.31451416016,0.457763671875,29.6817435161
594.3635571,3.31604003906,0.476837158203,29.6820038673
596.367746115,3.31848144531,0.465393066406,29.6822661461
598.374830008,3.31695556641,0.511169433594,29.6825383743
600.38045907,3.32336425781,0.499725341797,29.6828199687
602.386138916,3.31756591797,0.534057617188,29.6831079462
604.391839027,3.32275390625,0.511169433594,29.6833991145
606.397550106,3.32000732422,0.507354736328,29.6836828458
608.40308094,3.31939697266,0.499725341797,29.6839633639
