1206.13468695,3.47320556641,33.7333679199,32.9063576435
1208.14034009,3.47320556641,32.3867797852,32.924776266
1210.1458919,3.46954345703,28.392791748,32.9417063466
1212.15165496,3.4716796875,28.2592773438,32.9574883781
1214.15724301,3.47381591797,32.6652526855,32.9744591433
1216.16295099,3.47381591797,32.6499938965,32.9926540477
1218.16857696,3.4716796875,31.8069458008,33.0106091188
1220.17438793,3.47290039062,30.5480957031,33.0279802891
1222.18003297,3.47045898438,28.434753418,33.0444106584
1224.18562794,3.46282958984,30.4718017578,33.0608193654
1226.19126391,3.47473144531,33.7257385254,33.0787022677
1228.19704509,3.47259521484,31.5322875977,33.0968818955
1230.20268297,3.46801757812,28.5415649414,33.113616117
1232.20835304,3.47290039062,29.0184020996,33.1296503257
1234.21510196,3.4716796875,28.3966064453,33.1456527571
1236.22081494,3.47564697266,33.0848693848,33.1627797286
1238.2264061,3.47229003906,31.9404602051,33.1808928155
1240.23229003,3.46984863281,29.6821594238,33.1980605686
1242.23798609,3.47106933594,28.3737182617,33.2142331305
1244.24369597,3.47076416016,32.4821472168,33.2311857987
1246.24948096,3.47442626953,31.9900512695,33.2491465442
1248.25521708,3.47198486328,28.8047790527,33.2660824312
1250.260782,3.47564697266,33.088684082,33.2833228978
1252.26641393,3.47290039062,27.8167724609,33.3002887211
1254.27208591,3.47503662109,31.6543579102,33.3168553294
1256.27776194,3.47137451172,28.6331176758,33.3336493773
1258.28339601,3.47747802734,33.5884094238,33.3509818237
1260.28907394,3.47229003906,27.7061462402,33.3680564262
1262.29478908,3.47534179688,31.6848754883,33.384601075
1264.30044293,3.47320556641,28.7742614746,33.4014427557
1266.30599499,3.47717285156,33.0467224121,33.4186629225
1268.31170297,3.47229003906,28.6979675293,33.4358631749
1270.31863904,3.47503662109,29.468536377,33.4520765715
1272.32441211,3.48022460938,34.0309143066,33.4697662226
1274.33004904,3.47412109375,29.2930603027,33.4874057923
1276.33575392,3.47473144531,30.7998657227,33.5041458861
1278.34118199,3.47778320312,32.8598022461,33.5218771201
1280.34682393,3.47747802734,31.9061279297,33.539918407
1282.35245109,3.47595214844,29.2892456055,33.5569649491
1284.35811591,3.48571777344,32.2875976562,33.5741180753
1286.36373711,3.47839355469,32.2875976562,33.5921060448
1288.36777496,3.47534179688,28.9535522461,33.6091518202
1290.37510204,3.47412109375,31.436920166,33.6259884078
1292.380656,3.47930908203,32.6118469238,33.6438291381
1294.38628697,3.47961425781,31.7535400391,33.6617587511
1296.39207006,3.47564697266,29.5104980469,33.6788257471
1298.39776111,3.47717285156,32.3104858398,33.6960471074
1300.40359092,3.47625732422,29.1481018066,33.7131687001
1302.40920901,3.47747802734,30.445098877,33.729768867
1304.41482306,3.47625732422,32.0930480957,33.7471893372
1306.42174697,3.47564697266,29.0489196777,33.7642320146
1308.42739797,3.47747802734,32.5050354004,33.7813786468
1310.4330399,3.47930908203,33.5121154785,33.7997684754
1312.43865204,3.47473144531,29.8271179199,33.8174120775
1314.44426298,3.47747802734,28.9878845215,33.8337954126
1316.44998002,3.47381591797,30.387878418,33.8503358264
1318.45556402,3.47961425781,32.1769714355,33.8677634739
1320.46118808,3.48022460938,31.9519042969,33.8856271428
1322.46683407,3.48114013672,33.275604248,33.9037970443
1324.47256804,3.48297119141,30.0025939941,33.9214247153
1326.47826791,3.47839355469,28.636932373,33.9377598946
1328.48400998,3.47747802734,29.4532775879,33.9539423915
1330.4896419,3.47839355469,32.0930480957,33.9710867354
1332.49531198,3.48297119141,33.390045166,33.9893280521
1334.50080609,3.47808837891,30.445098877,34.0071087473
1336.50648904,3.48114013672,31.7611694336,34.0244373656
1338.51212692,3.47991943359,31.3911437988,34.0420291256
1340.51778698,3.48114013672,32.7682495117,34.0599016162
1342.52474093,3.47839355469,28.6407470703,34.0770189813
1344.53052807,3.47808837891,29.125213623,34.0931115119
1346.5361681,3.47869873047,28.7857055664,34.1092432422
1348.54197598,3.47686767578,30.1475524902,34.1256611301
1350.54764104,3.47381591797,29.541015625,34.1422882517
1352.55325603,3.47778320312,28.881072998,34.1585621708
1354.55893707,3.47900390625,29.109954834,34.1747165465
1356.5645709,3.47869873047,28.4881591797,34.1907610917
1358.57017493,3.48175048828,31.7878723145,34.2075513489
1360.57590699,3.48052978516,31.9061279297,34.2252948348
1362.58140111,3.48083496094,31.2652587891,34.2428906465
1364.58708692,3.47839355469,29.0718078613,34.2596985907
1366.59276009,3.47961425781,28.0227661133,34.2756031817
1368.59847498,3.47808837891,29.4609069824,34.2916164955
1370.60412502,3.48358154297,33.1230163574,34.30905003
1372.60981703,3.48480224609,33.145904541,34.3275104529
1374.61541796,3.48480224609,31.1164855957,34.345411107
1376.62096596,3.48236083984,28.751373291,34.3620871993
1378.62791204,3.48083496094,29.1328430176,34.3782219912
1380.63372111,3.48083496094,29.5906066895,34.3945814395
1382.6392889,3.48297119141,30.4527282715,34.4113065754
1384.64602304,3.48815917969,33.0200195312,34.4289972601
1386.65169191,3.48419189453,33.0772399902,34.4474096512
1388.65750599,3.48449707031,33.1153869629,34.4658499433
1390.6630199,3.48052978516,28.5835266113,34.4830357807
1392.66870594,3.48449707031,29.5906066895,34.4992412039
1394.67442012,3.48449707031,32.2341918945,34.5164638255
1396.68011999,3.486328125,33.7982177734,34.534858436
1398.68576312,3.48083496094,28.1791687012,34.5521229525
1400.6914649,3.48907470703,31.2690734863,34.568683431
1402.69794893,3.48571777344,33.3137512207,34.5866812653
