808.987015009,3.34167480469,0.469207763672,29.71143922
810.992867947,3.34136962891,0.480651855469,29.7117038421
812.998507023,3.34259033203,0.480651855469,29.7119716238
815.004245043,3.34228515625,0.526428222656,29.7122521708
817.009790897,3.34289550781,0.484466552734,29.7125337536
819.015611887,3.34197998047,0.446319580078,29.7127930578
821.021183014,3.34320068359,0.499725341797,29.7130565801
823.026937962,3.34289550781,0.469207763672,29.7133265026
825.03255105,3.34228515625,0.453948974609,29.7135836548
827.03828907,3.34259033203,0.514984130859,29.713853575
829.043960094,3.34320068359,0.465393066406,29.7141266742
831.049621105,3.34442138672,0.465393066406,29.7143859577
833.055138111,3.34320068359,0.48828125,29.714651598
835.060774088,3.36334228516,13.3781433105,29.7185142369
837.067750931,3.40850830078,32.9627990723,29.7314316256
839.074533939,3.41430664062,32.4592590332,29.7496660526
841.080167055,3.41033935547,28.1295776367,29.7665436883
843.085974932,3.41583251953,30.689239502,29.7829296948
845.091495037,3.41400146484,30.4527282715,29.7999604512
847.097098112,3.41888427734,32.7758789062,29.817573158
849.102741003,3.41552734375,28.247833252,29.8345720155
851.108504057,3.42041015625,32.8979492188,29.8516058977
853.114028931,3.41918945312,28.7971496582,29.8687907665
855.119700909,3.4228515625,32.3600769043,29.8858270631
857.125356913,3.42346191406,29.2167663574,29.9029801138
859.130971909,3.42376708984,30.4222106934,29.9195930064
861.136482954,3.42742919922,33.7982177734,29.9374811701
863.142218113,3.42651367188,29.9530029297,29.9552406236
865.148241997,3.42864990234,32.5698852539,29.9726604023
867.153968096,3.42681884766,29.5143127441,29.9899553879
869.159636974,3.42620849609,30.1895141602,30.0065867917
871.165239096,3.42987060547,33.3061218262,30.0242738726
873.172090054,3.42742919922,28.4767150879,30.0414945595
875.177702904,3.43017578125,30.7540893555,30.0579937348
877.18334794,3.43109130859,32.8025817871,30.0756981962
879.188973904,3.43109130859,32.9399108887,30.0940113698
881.194628,3.43505859375,33.4091186523,30.1124937591
883.20042491,3.43170166016,28.9268493652,30.1298594941
885.20608902,3.43231201172,29.2587280273,30.1460679281
887.211791039,3.43200683594,30.0903320312,30.1626007794
889.217269897,3.42651367188,28.995513916,30.1790584759
891.223035097,3.43353271484,28.8925170898,30.1951848367
893.228744984,3.43566894531,29.3922424316,30.2114212699
895.234416962,3.43719482422,31.3301086426,30.2283364251
897.239999056,3.43505859375,29.296875,30.2452242575
899.245706081,3.43933105469,29.9034118652,30.2617157063
901.251275063,3.43566894531,27.9426574707,30.277828801
903.256854057,3.43902587891,28.4271240234,30.2935307524
905.262490034,3.44390869141,31.7344665527,30.3102893983
907.268201113,3.43658447266,32.3944091797,30.3281538422
909.27503109,3.43811035156,28.8963317871,30.3452371889
911.280699015,3.44146728516,31.9290161133,30.3621810013
913.286426067,3.44024658203,32.1311950684,30.3800264595
915.292098045,3.44055175781,30.5633544922,30.3974910013
917.297629118,3.44116210938,31.3415527344,30.4147343645
919.303791046,3.44146728516,27.8854370117,30.4312369939
921.309377909,3.44482421875,33.6837768555,30.4483873282
923.315148115,3.44329833984,30.0559997559,30.4661439039
925.320715904,3.44665527344,30.9867858887,30.4831474378
927.326442957,3.44390869141,31.2423706055,30.5004828132
929.331909895,3.44604492188,32.9360961914,30.5183588956
931.337517023,3.44665527344,28.8314819336,30.5355646588
933.34317112,3.44421386719,31.0440063477,30.5522437586
935.348804951,3.44573974609,32.6347351074,30.569982125
937.354476929,3.44696044922,28.7628173828,30.5870853681
939.359723091,3.45092773438,31.9900512695,30.6040054315
941.365858078,3.44635009766,33.2145690918,30.6221733857
943.371602058,3.44421386719,28.881072998,30.6394717136
945.377084017,3.44543457031,29.6745300293,30.6557817421
947.382864952,3.44512939453,30.5671691895,30.672563916
949.388490915,3.44635009766,31.6581726074,30.689897355
951.394150972,3.44909667969,33.4014892578,30.7080206279
953.399781942,3.44665527344,32.398223877,30.7263497866
955.405488968,3.44909667969,32.4058532715,30.7444022856
957.411102057,3.44787597656,31.6543579102,30.7622467298
959.416672945,3.44696044922,32.0243835449,30.7799845395
961.422286987,3.45001220703,31.7344665527,30.7977450458
963.429332972,3.447265625,28.5034179688,30.8145367408
965.435031891,3.447265625,28.3432006836,30.8303724633
967.440712929,3.45031738281,28.8238525391,30.846297307
969.446388006,3.44818115234,29.3655395508,30.8625068922
971.451989889,3.44940185547,29.8805236816,30.8790102277
973.457463026,3.45184326172,32.6156616211,30.8964177862
975.463202,3.45367431641,31.4788818359,30.9142729145
977.468770027,3.44848632812,29.0336608887,30.9311287507
979.47448802,3.45611572266,30.2429199219,30.947641543
981.481398106,3.44879150391,28.7551879883,30.9640865288
983.487119913,3.44848632812,28.9344787598,30.980157282
985.492811918,3.45428466797,32.7415466309,30.9973382696
987.498364925,3.44879150391,27.961730957,31.0142471086
989.504008055,3.45703125,32.3257446289,31.031040881
991.509704113,3.45245361328,28.9916992188,31.0481220137
993.515476942,3.45611572266,32.5469970703,31.0652654366
995.521220922,3.45001220703,32.1159362793,31.083278949
997.526799917,3.45428466797,31.8298339844,31.101091212
999.532402992,3.45550537109,29.2663574219,31.1181099217
1001.53787398,3.45336914062,31.4178466797,31.1350127565
1003.54364109,3.45184326172,30.6587219238,31.1523059703
1005.54930401,3.45489501953,28.9077758789,31.1688990698
