610.411453962,3.3203125,0.473022460938,29.6842347028
612.41711998,3.32092285156,0.484466552734,29.6845014255
614.422801971,3.32427978516,0.492095947266,29.6847734635
616.428529024,3.32244873047,0.492095947266,29.685047633
618.434120893,3.32275390625,0.484466552734,29.6853196588
620.441041946,3.3203125,0.568389892578,29.685613131
622.446578979,3.32336425781,0.499725341797,29.6859106511
624.452207088,3.32427978516,0.507354736328,29.6861911828
626.457834005,3.32244873047,0.457763671875,29.6864600255
628.463603973,3.32489013672,0.514984130859,29.6867310127
630.469228029,3.32550048828,0.499725341797,29.6870136691
632.475001097,3.32427978516,0.469207763672,29.6872835941
634.480634928,3.32672119141,0.465393066406,29.6875439367
636.486248016,3.32611083984,0.499725341797,29.6878127776
638.492016077,3.32794189453,0.465393066406,29.6880816392
640.497742891,3.32733154297,0.526428222656,29.688357934
642.503288984,3.32794189453,0.461578369141,29.6886331413
644.508975983,3.32641601562,0.545501708984,29.6889136812
646.514875889,3.32855224609,0.465393066406,29.6891953137
648.520607948,3.32855224609,0.511169433594,29.6894673585
650.52628994,3.32824707031,0.492095947266,29.6897468351
652.531809092,3.32977294922,0.48828125,29.6900199136
654.537435055,3.33038330078,0.499725341797,29.6902951319
656.544295073,3.32916259766,0.480651855469,29.690568393
658.549993038,3.32885742188,0.507354736328,29.6908436211
660.555773973,3.33068847656,0.522613525391,29.6911305504
662.561790943,3.33099365234,0.465393066406,29.6914058224
664.567418098,3.33526611328,0.514984130859,29.6916789156
666.573009014,3.33129882812,0.503540039062,29.6919626298
668.578828096,3.33190917969,0.480651855469,29.6922368119
670.58446312,3.33557128906,0.499725341797,29.6925099062
672.590244055,3.33251953125,0.522613525391,29.6927947101
674.59582305,3.33374023438,0.480651855469,29.6930741723
676.601530075,3.33831787109,0.446319580078,29.6933323991
678.607134104,3.33312988281,0.492095947266,29.6935938005
680.612701893,3.33312988281,0.480651855469,29.6938647604
682.618446112,3.33343505859,0.453948974609,29.6941251174
684.624160051,3.33343505859,0.492095947266,29.6943886585
686.629797935,3.33435058594,0.484466552734,29.6946606905
688.63548708,3.33648681641,0.457763671875,29.6949231656
690.641171932,3.33526611328,0.514984130859,29.6951941414
692.648066998,3.33435058594,0.461578369141,29.695466344
694.653578043,3.33129882812,0.457763671875,29.6957224204
696.65941,3.33526611328,0.503540039062,29.6959902279
698.665878057,3.33953857422,0.473022460938,29.6962623725
700.671673059,3.33465576172,0.54931640625,29.6965471784
702.677321911,3.33557128906,0.507354736328,29.6968415272
704.683064938,3.33923339844,0.473022460938,29.6971146362
706.688726902,3.33648681641,0.473022460938,29.6973781704
708.694380045,3.33526611328,0.492095947266,29.6976470166
710.70008111,3.33526611328,0.492095947266,29.6979211825
712.706118107,3.33679199219,0.503540039062,29.6981985829
714.711746931,3.33709716797,0.507354736328,29.6984801773
716.717437983,3.33374023438,0.495910644531,29.6987596551
718.723063946,3.33740234375,0.511169433594,29.6990401865
720.728841066,3.33679199219,0.476837158203,29.6993154256
722.735929966,3.34045410156,0.396728515625,29.6995589428
724.74326396,3.33770751953,0.499725341797,29.6998088709
726.750524044,3.33679199219,0.484466552734,29.7000832499
728.756886959,3.33831787109,0.518798828125,29.7003628214
730.762497902,3.33862304688,0.438690185547,29.7006295367
732.76821208,3.3349609375,0.484466552734,29.7008867018
734.773788929,3.33831787109,0.518798828125,29.7011661637
736.77939105,3.33892822266,0.530242919922,29.7014583804
738.784965038,3.33862304688,0.503540039062,29.7017463427
740.790709972,3.33953857422,0.511169433594,29.7020290161
742.796291113,3.33923339844,0.495910644531,29.7023095412
744.802000046,3.33923339844,0.480651855469,29.7025815829
746.807631969,3.33953857422,0.457763671875,29.7028429879
748.813214064,3.34075927734,0.423431396484,29.7030884475
750.818702936,3.33831787109,0.473022460938,29.7033381458
752.824459076,3.34045410156,0.526428222656,29.70361657
754.830080986,3.33953857422,0.480651855469,29.7038971009
756.835720062,3.34777832031,0.469207763672,29.7041616947
758.841375113,3.33923339844,0.480651855469,29.7044262906
760.847057104,3.33984375,0.511169433594,29.7047025793
762.852595091,3.33831787109,0.556945800781,29.7050000995
764.858470917,3.33953857422,0.514984130859,29.7052987326
766.864072084,3.34075927734,0.492095947266,29.7055792605
768.870129108,3.34197998047,0.503540039062,29.7058566636
770.875699043,3.34106445312,0.473022460938,29.7061286865
772.881428003,3.34106445312,0.484466552734,29.7063954175
774.887030125,3.34014892578,0.526428222656,29.7066770082
776.892726898,3.34136962891,0.476837158203,29.7069564868
778.898180008,3.34136962891,0.518798828125,29.7072338064
780.903928041,3.34594726562,0.476837158203,29.7075111668
782.909580946,3.34167480469,0.541687011719,29.7077948899
784.915352106,3.34106445312,0.476837158203,29.7080786296
786.92097497,3.33770751953,0.602722167969,29.7083793503
788.926707983,3.34197998047,0.492095947266,29.7086843382
790.932256937,3.34167480469,0.499725341797,29.7089606085
792.937920094,3.34655761719,0.446319580078,29.7092241429
794.943510056,3.34167480469,0.469207763672,29.7094791668
796.949255943,3.34442138672,0.480651855469,29.7097437747
798.954885006,3.34136962891,0.503540039062,29.7100179308
800.961816072,3.34075927734,0.499725341797,29.7102975815
802.967462063,3.34136962891,0.476837158203,29.7105696146
804.973103046,3.34167480469,0.522613525391,29.7108480228
806.978617907,3.34320068359,0.564575195312,29.7111508524
