1404.70631194,3.48510742188,32.1846008301,34.6049513302
1406.71197295,3.48205566406,28.8887023926,34.6219641556
1408.71763492,3.48480224609,31.9786071777,34.6389196067
1410.72337294,3.48571777344,32.6385498047,34.6569203134
1412.7289741,3.48449707031,28.5110473633,34.6739538833
1414.73591304,3.48266601562,29.4036865234,34.6900971242
1416.74154997,3.48663330078,30.9104919434,34.7068982831
1418.74717903,3.48571777344,32.9360961914,34.7246833626
1420.75281811,3.48571777344,29.3464660645,34.7420328544
1422.75847292,3.49060058594,32.5889587402,34.7592857825
1424.76407599,3.48266601562,29.2358398438,34.7765074501
1426.76997709,3.48327636719,28.6827087402,34.7926434056
1428.77562308,3.48602294922,31.1660766602,34.8093149996
1430.78122091,3.48480224609,30.7884216309,34.8265727506
1432.78674412,3.48754882812,33.8096618652,34.8445662167
1434.792418,3.48541259766,31.9595336914,34.8628872664
1436.79815507,3.48449707031,28.8352966309,34.8798231615
1438.80381894,3.49243164062,32.6385498047,34.8969475882
1440.80941606,3.48388671875,29.6058654785,34.914286091
1442.81515908,3.48114013672,30.5557250977,34.9310456314
1444.82067108,3.48419189453,30.6701660156,34.9480996952
1446.82628608,3.48480224609,32.585144043,34.9657199449
1448.83196306,3.48602294922,30.7807922363,34.983371556
1450.83889103,3.48541259766,31.1088562012,35.0006226764
1452.84446907,3.48754882812,31.4292907715,35.0180428339
1454.85026002,3.48541259766,30.1284790039,35.0351917252
1456.85611391,3.48510742188,27.5688171387,35.0512656622
1458.86178398,3.48937988281,32.9856872559,35.0681340451
1460.86729503,3.48754882812,29.0374755859,35.0854101754
1462.87308097,3.48846435547,31.5742492676,35.1022954734
1464.87878489,3.48693847656,29.3197631836,35.1192587178
1466.88584089,3.48480224609,28.7857055664,35.1354560692
1468.89190412,3.48541259766,28.8276672363,35.1515083009
1470.89758897,3.48449707031,32.8674316406,35.1686945405
1472.90322804,3.48205566406,28.9688110352,35.185919705
1474.9106431,3.48968505859,30.9791564941,35.2026336568
1476.91795397,3.48571777344,28.0990600586,35.2191042604
1478.92529011,3.49456787109,33.275604248,35.2362153134
1480.93264198,3.48937988281,30.4679870605,35.2539869547
1482.93973398,3.48480224609,28.3660888672,35.2703877052
1484.9474299,3.48907470703,30.3344726562,35.2867561604
1486.95382404,3.48754882812,30.9104919434,35.3038230407
1488.95934296,3.49182128906,33.3518981934,35.3217229628
1490.96510196,3.48358154297,27.4200439453,35.3386526669
1492.97076297,3.49395751953,34.1758728027,35.3558110737
1494.97650409,3.48785400391,28.7857055664,35.3733506052
1496.98210502,3.49273681641,32.2875976562,35.390362921
1498.98792696,3.48419189453,28.3432006836,35.4072538357
1500.99355197,3.4912109375,33.1039428711,35.4243704923
1502.99914694,3.4912109375,32.1578979492,35.442549495
1505.00476003,3.48693847656,28.3088684082,35.4593929587
1507.01051593,3.49060058594,32.5546264648,35.4763481412
1509.01569009,3.49304199219,30.1475524902,35.493810473
1511.0218811,3.49212646484,32.6995849609,35.5113220511
1513.02750111,3.49151611328,31.7077636719,35.5292632548
1515.03312802,3.48815917969,28.6331176758,35.5460717681
1517.03875995,3.49365234375,32.9360961914,35.5632224877
1519.0444479,3.48846435547,29.5906066895,35.5806404119
1521.05007005,3.48907470703,29.6974182129,35.597155603
1523.05704904,3.48999023438,28.1677246094,35.6132853427
1525.06265903,3.49243164062,32.1998596191,35.6301011524
1527.06827402,3.49426269531,33.7791442871,35.6484801079
1529.07375407,3.49884033203,32.5584411621,35.6669577058
1531.0794239,3.486328125,28.7284851074,35.684030114
1533.08510303,3.49029541016,30.7655334473,35.7006031572
1535.090873,3.49426269531,33.6685180664,35.7185531413
1537.09653091,3.48663330078,29.3846130371,35.7361174484
1539.10228395,3.48968505859,29.5295715332,35.7525295741
1541.10786796,3.49304199219,31.5628051758,35.7695470593
1543.1134491,3.49243164062,32.8598022461,35.7874921657
1545.11745405,3.49426269531,32.600402832,35.8057119679
1547.12504411,3.49212646484,29.8461914062,35.8231240736
1549.13071394,3.49456787109,32.6461791992,35.8405322768
1551.13640904,3.49731445312,33.504486084,35.8589597859
1553.14210796,3.49548339844,32.4516296387,35.8773331345
1555.14774108,3.49487304688,30.517578125,35.8948738468
1557.1532619,3.49517822266,31.135559082,35.9120469926
1559.16026211,3.49487304688,31.5437316895,35.9295188467
1561.16587591,3.49609375,32.1998596191,35.9472751004
1563.17163897,3.49670410156,30.9448242188,35.9648658329
1565.17722106,3.4912109375,31.5132141113,35.9822637112
1567.18468094,3.48754882812,28.4805297852,35.9989907992
1569.19771695,3.49456787109,30.6549072266,36.0155243776
1571.20658493,3.49395751953,30.7273864746,36.0326506171
1573.21308208,3.49487304688,28.5377502441,36.0491666348
1575.21894002,3.48968505859,28.7551879883,36.0651279536
1577.22484708,3.49731445312,32.8102111816,36.0822799631
1579.23061395,3.49548339844,31.3911437988,36.1001650952
1581.236444,3.49334716797,27.8511047363,36.1166692455
1583.24232411,3.49670410156,32.8788757324,36.1335882817
1585.2482729,3.49700927734,30.5023193359,36.151246536
1587.25425506,3.49273681641,29.9530029297,36.1680899107
1589.26015496,3.49914550781,33.5922241211,36.1857934336
1591.26589394,3.49822998047,32.341003418,36.2041607731
1593.27176809,3.49609375,28.9840698242,36.221245548
1595.27863312,3.49792480469,32.7758789062,36.2384599759
1597.28459907,3.49700927734,29.4227600098,36.2557889137
1599.2902391,3.49700927734,29.9224853516,36.2723201914
1601.29594994,3.49365234375,28.2974243164,36.2885385669
