213.22564292,3.04901123047,-79.647064209,35.8760843797
215.231353998,3.04901123047,-79.6508789062,35.8317085951
217.2371099,3.05358886719,-79.662322998,35.787327568
219.242809057,3.04840087891,-79.6356201172,35.7429520471
221.248403072,3.04870605469,-79.5974731445,35.6985969167
223.254220009,3.05145263672,-79.6012878418,35.6542464207
225.259967089,3.04748535156,-79.6165466309,35.6098921559
227.265784979,3.04626464844,-79.6318054199,35.5655278235
229.271657944,3.04504394531,-79.5936584473,35.5211686494
231.277288914,3.04718017578,-79.6089172363,35.4768212027
233.284154892,3.04779052734,-79.6051025391,35.4324432584
235.289757013,3.04534912109,-79.6127319336,35.3880921991
237.295520067,3.046875,-79.5707702637,35.3437471453
239.301249027,3.04595947266,-79.5631408691,35.29941666
241.307013988,3.04473876953,-79.6203613281,35.255071564
243.312761068,3.04595947266,-79.6241760254,35.2107098604
245.318537951,3.04748535156,-79.5631408691,35.1663634382
247.324141026,3.04840087891,-79.5440673828,35.1220431734
249.329751015,3.04565429688,-79.5555114746,35.0777248811
251.335455894,3.04962158203,-79.5593261719,35.0334002414
253.341666937,3.04565429688,-79.5211791992,34.9890739821
255.347414017,3.0517578125,-79.4639587402,34.944784541
257.353101015,3.04534912109,-79.5402526855,34.9004911133
259.35889101,3.04473876953,-79.5516967773,34.8561709688
261.364670038,3.04534912109,-79.5097351074,34.8118595682
263.370641947,3.04565429688,-79.5211791992,34.7675524089
265.37637496,3.04565429688,-79.532623291,34.7232441502
267.38211894,3.04473876953,-79.4410705566,34.6789579656
269.387990952,3.04534912109,-79.4715881348,34.634685958
271.394018888,3.04534912109,-79.5211791992,34.5903881896
273.399758101,3.04412841797,-79.4486999512,34.5461031729
275.405431032,3.04382324219,-79.4792175293,34.5018313087
277.411073923,3.04260253906,-79.4715881348,34.4575537318
279.416855097,3.04382324219,-79.460144043,34.4132784157
281.422502041,3.04260253906,-79.4296264648,34.3690177514
283.428246021,3.04718017578,-79.4219970703,34.3247655726
285.434017897,3.04351806641,-79.4143676758,34.2805170291
287.439762115,3.03985595703,-79.3914794922,34.2362775971
289.445395947,3.04351806641,-79.4219970703,34.1920384747
291.450980902,3.04351806641,-79.4372558594,34.1477876792
293.456867933,3.04412841797,-79.4525146484,34.1035217167
295.462600946,3.04290771484,-79.4296264648,34.0592612784
297.468472958,3.04321289062,-79.3724060059,34.0150200906
299.474196911,3.04382324219,-79.4067382812,33.9707885444
301.479878902,3.04290771484,-79.3876647949,33.9265536729
303.485547066,3.04077148438,-79.3838500977,33.8823254822
305.492362022,3.04077148438,-79.3800354004,33.8380741295
307.498152971,3.04260253906,-79.3876647949,33.7938442939
309.503796101,3.04229736328,-79.2694091797,33.7496485341
311.509551048,3.04260253906,-79.3876647949,33.7054503104
313.515217066,3.04504394531,-79.3762207031,33.6612242923
315.521044016,3.04168701172,-79.3991088867,33.6169915374
317.526616096,3.04290771484,-79.3724060059,33.5727654656
319.532258034,3.04168701172,-79.2655944824,33.5285750452
321.537951946,3.0419921875,-79.3113708496,33.4844004821
323.543735027,3.03802490234,-79.2846679688,33.4402186417
325.550893068,3.04321289062,-79.3800354004,33.3959873729
327.556598902,3.04138183594,-79.3495178223,33.3517700408
329.562339067,3.03985595703,-79.3113708496,33.3075710801
331.567939043,3.04168701172,-79.3495178223,33.2633752087
333.573595047,3.04595947266,-79.174041748,33.2192163574
335.57930994,3.04168701172,-79.3228149414,33.1750636483
337.584980965,3.04107666016,-79.2999267578,33.1308768376
339.590703011,3.04168701172,-79.3533325195,33.0866804015
341.597660065,3.04107666016,-79.345703125,33.0424439919
343.603360891,3.04016113281,-79.2999267578,32.9982501487
345.608963013,3.03894042969,-79.3113708496,32.9540680439
347.614751101,3.04138183594,-79.2846679688,32.9098860931
349.62045002,3.03619384766,-79.1702270508,32.8657454248
351.626399994,3.03863525391,-79.273223877,32.8216024198
353.631988049,3.04260253906,-79.2846679688,32.7774355012
355.637701988,3.04046630859,-79.2427062988,32.7332743117
357.643302917,3.04077148438,-79.288482666,32.6891145478
359.648888111,3.04443359375,-79.3418884277,32.6449275029
361.654648066,3.04046630859,-79.2503356934,32.6007472345
363.660425901,3.04016113281,-79.1931152344,32.5566080176
365.666479111,3.04016113281,-79.2846679688,32.5124531751
367.672602892,3.04077148438,-79.2694091797,32.4682755217
369.67820096,3.04016113281,-79.2541503906,32.424117946
371.683932066,3.046875,-79.3647766113,32.3799308743
373.689412117,3.03955078125,-79.2121887207,32.3357610215
375.695262909,3.04290771484,-79.2770385742,32.2916074462
377.702451944,3.03955078125,-79.2427062988,32.2474159054
379.70836997,3.04016113281,-79.216003418,32.2032693523
381.715924025,3.04229736328,-79.2274475098,32.1590910478
383.723212957,3.03955078125,-79.2198181152,32.1149175141
385.731638908,3.04779052734,-79.1893005371,32.0707295996
387.738953114,3.03924560547,-79.2465209961,32.0265587002
389.744745016,3.03863525391,-79.1931152344,31.9824202364
391.752197981,3.03833007812,-79.2007446289,31.9382579832
393.75959897,3.03955078125,-79.1664123535,31.8941043182
395.76709199,3.03985595703,-79.0824890137,31.8499816009
397.774405003,3.03924560547,-79.1893005371,31.8058564588
399.781706095,3.03863525391,-79.1854858398,31.7617028642
401.789047956,3.04321289062,-79.2922973633,31.7175196574
403.796485901,3.03833007812,-79.1854858398,31.6733343359
405.803709984,3.03894042969,-79.174041748,31.629186689
407.811055899,3.03955078125,-79.1549682617,31.5850448707
409.818440914,3.03833007812,-79.1511535645,31.5409085739
