5202.63102102,3.74877929688,0.419616699219,42.7646790835
5204.63635492,3.74664306641,0.465393066406,42.7649255751
5206.64173603,3.74603271484,0.511169433594,42.7651975724
5208.64708185,3.74542236328,0.514984130859,42.7654833769
5210.65248299,3.74420166016,0.492095947266,42.7657638769
5212.65786695,3.73748779297,0.469207763672,42.7660316245
5214.663625,3.74267578125,0.473022460938,42.7662941086
5216.66903996,3.74084472656,0.480651855469,42.7665597354
5218.67446804,3.74176025391,0.48828125,42.766829614
5220.67977285,3.74053955078,0.442504882812,42.7670888515
5222.68501806,3.73901367188,0.530242919922,42.7673597678
5224.69050384,3.73931884766,0.526428222656,42.7676540927
5226.69590688,3.73748779297,0.526428222656,42.7679473429
5228.70127892,3.73779296875,0.492095947266,42.7682310262
5230.70667791,3.73657226562,0.438690185547,42.7684902759
5232.71218491,3.73657226562,0.518798828125,42.7687569774
5234.71751595,3.73107910156,0.446319580078,42.7690257804
5236.72280002,3.73504638672,0.450134277344,42.7692754533
5238.72827196,3.7353515625,0.453948974609,42.7695272746
5240.73370194,3.73474121094,0.499725341797,42.7697929034
5242.73908997,3.73229980469,0.530242919922,42.7700797765
5244.74451685,3.73229980469,0.553131103516,42.7703815303
5246.74991798,3.73199462891,0.473022460938,42.7706673427
5248.75535488,3.72467041016,0.591278076172,42.7709637854
5250.76065683,3.73138427734,0.457763671875,42.7712559584
5252.76608586,3.73046875,0.537872314453,42.7715332747
5254.771487,3.73046875,0.476837158203,42.7718158996
5256.77694488,3.72833251953,0.499725341797,42.7720879073
5258.78283191,3.72863769531,0.499725341797,42.7723663496
5260.78820205,3.72802734375,0.530242919922,42.7726532201
5262.79358101,3.72741699219,0.495910644531,42.7729390294
5264.799016,3.72528076172,0.446319580078,42.7732014713
5266.80440998,3.72467041016,0.492095947266,42.7734628453
5268.80984783,3.7255859375,0.461578369141,42.7737284751
5270.81529784,3.72375488281,0.591278076172,42.7740217322
5272.82072592,3.72436523438,0.499725341797,42.7743256112
5274.82614589,3.72406005859,0.465393066406,42.7745944261
5276.83147597,3.72314453125,0.480651855469,42.7748579167
5278.83672595,3.72253417969,0.476837158203,42.7751245841
5280.84223199,3.72222900391,0.453948974609,42.7753838476
5282.84760594,3.71917724609,0.507354736328,42.7756515939
5284.85295701,3.720703125,0.492095947266,42.7759299619
5286.85836196,3.72039794922,0.495910644531,42.7762051498
5288.863837,3.71948242188,0.480651855469,42.7764771598
5290.86911798,3.71948242188,0.473022460938,42.7767427688
5292.87441087,3.71795654297,0.484466552734,42.7770094419
5294.87990594,3.71856689453,0.560760498047,42.7773005804
5296.88598204,3.71795654297,0.526428222656,42.7776034948
5298.89142299,3.71795654297,0.499725341797,42.7778893129
5300.89684701,3.71856689453,0.511169433594,42.7781708785
5302.90226984,3.71673583984,0.503540039062,42.7784535065
5304.90770793,3.71643066406,0.465393066406,42.7787233864
5306.91298294,3.71612548828,0.442504882812,42.7789762455
5308.91844797,3.71429443359,0.476837158203,42.7792323161
5310.92383385,3.71520996094,0.473022460938,42.7794968765
5312.92938185,3.71063232422,0.457763671875,42.7797561454
5314.93477583,3.71337890625,0.514984130859,42.7800270819
5316.94023705,3.71337890625,0.499725341797,42.7803097153
5318.94580793,3.71154785156,0.453948974609,42.7805753627
5320.95115089,3.71154785156,0.503540039062,42.7808420424
5322.95657206,3.71185302734,0.48828125,42.7811182951
5324.96192098,3.71398925781,0.48828125,42.781390288
5326.96738291,3.71032714844,0.54931640625,42.7816792967
5328.97279596,3.71154785156,0.495910644531,42.7819704233
5330.97831702,3.60778808594,-30.689239502,42.7735602349
5332.98372006,3.36578369141,-88.1690979004,42.7404548361
5334.98898101,3.32244873047,-87.2116088867,42.6916098247
5336.99449992,3.30261230469,-86.6241455078,42.6431888673
5338.99986887,3.28155517578,-86.1358642578,42.5950711508
5341.00527596,3.2666015625,-85.8116149902,42.5471788321
5343.010638,3.25286865234,-85.4682922363,42.4994735233
5345.0160749,3.24432373047,-85.2432250977,42.4519247489
5347.02134299,3.23577880859,-85.0257873535,42.4045032186
5349.0267539,3.22845458984,-84.903717041,42.3571728738
5351.03215289,3.22204589844,-84.7473144531,42.3099203729
5353.03764296,3.21319580078,-84.602355957,42.2627496671
5355.04306984,3.21197509766,-84.4841003418,42.2156537608
5357.047436,3.2080078125,-84.358215332,42.1686507298
5359.05389094,3.20953369141,-84.3048095703,42.1216486797
5361.05921102,3.20129394531,-84.1827392578,42.0747220876
5363.06457901,3.19915771484,-84.098815918,42.027851748
5365.06997204,3.19580078125,-84.0530395508,41.9810169482
5367.07539892,3.193359375,-84.0225219727,41.934202608
5369.080827,3.19000244141,-83.9462280273,41.8874179903
5371.08628201,3.18817138672,-83.8432312012,41.840682683
5373.09153199,3.18817138672,-83.740234375,41.7940095246
5375.09683585,3.18511962891,-83.7440490723,41.7473627357
5377.10232186,3.18389892578,-83.7287902832,41.7007148973
5379.10822797,3.18786621094,-83.6906433105,41.6540721662
5381.11357284,3.18084716797,-83.6067199707,41.6074764844
5383.11904502,3.17962646484,-83.6029052734,41.5609022827
5385.12450099,3.17810058594,-83.5227966309,41.5143518331
5387.12988496,3.17596435547,-83.5189819336,41.4678264297
5389.13517189,3.17474365234,-83.4159851074,41.4213330258
5391.14063191,3.17413330078,-83.4350585938,41.3748589844
5393.14611697,3.17260742188,-83.438873291,41.3283779876
5395.15155005,3.17077636719,-83.3778381348,41.2819141332
5397.15690303,3.16986083984,-83.3587646484,41.2354744468
5399.16232491,3.16833496094,-83.2824707031,41.1890597275
