6790.96924186,3.46832275391,30.1399230957,35.5442787241
6792.974576,3.46710205078,28.9878845215,35.5607469201
6794.97979593,3.46618652344,28.4843444824,35.576753095
6796.98525596,3.46923828125,28.9573669434,35.5927526861
6798.99071193,3.46801757812,28.1295776367,35.6086534297
6800.99609995,3.46801757812,28.5911560059,35.6244516352
6803.00148487,3.46954345703,29.4151306152,35.6406078759
6805.00689101,3.46862792969,29.1595458984,35.6569226003
6807.0121839,3.46893310547,28.7666320801,35.6730557882
6809.01758695,3.47015380859,29.109954834,35.6891760498
6811.02304697,3.46832275391,28.9459228516,35.7053467084
6813.028584,3.46984863281,31.1584472656,35.722088589
6815.03399706,3.47442626953,31.5895080566,35.7395657513
6817.03943992,3.47351074219,32.5584411621,35.7574331189
6819.04481101,3.47045898438,30.8723449707,35.7751001001
6821.05017996,3.47229003906,31.2118530273,35.7923920061
6823.05557489,3.47137451172,32.2647094727,35.8100719473
6825.06096101,3.47198486328,31.9137573242,35.8279473093
6827.06635094,3.4716796875,31.8260192871,35.8457005185
6829.07178187,3.47320556641,32.2303771973,35.8635422795
6831.07717395,3.47290039062,32.543182373,35.8815834438
6833.08248997,3.47320556641,31.1851501465,35.8993328113
6835.0877409,3.46954345703,29.0374755859,35.9161052385
6837.09321594,3.46862792969,30.0827026367,35.9325724666
6839.09892797,3.47381591797,32.1922302246,35.9499204641
6841.10428786,3.4765625,34.0805053711,35.9683788927
6843.10970402,3.47381591797,33.0352783203,35.9870726534
6845.11516786,3.47412109375,31.4102172852,36.0050230854
6847.11946487,3.47503662109,32.039642334,36.0226859138
6849.12588191,3.47351074219,31.0592651367,36.0402696254
6851.13130498,3.47290039062,30.6930541992,36.0574695595
6853.136765,3.466796875,29.8233032227,36.0743255505
6855.14215803,3.47412109375,30.3840637207,36.0910949164
6857.14762402,3.47106933594,29.6249389648,36.1078096405
6859.15299606,3.47320556641,30.4794311523,36.1245501438
6861.15844989,3.47106933594,28.0075073242,36.140840818
6863.16456389,3.47503662109,29.7393798828,36.1569306568
6865.17071199,3.47503662109,30.5442810059,36.1737275945
6867.17718697,3.47198486328,28.1219482422,36.190076528
6869.18369699,3.47473144531,30.9944152832,36.2065511913
6871.18975091,3.47717285156,30.6129455566,36.2237161479
6873.19590402,3.47320556641,28.9497375488,36.2403122398
6875.20175505,3.47717285156,32.5546264648,36.2574467665
6877.20764995,3.47351074219,29.9186706543,36.2748516093
6879.21382594,3.47442626953,30.5137634277,36.2916902341
6881.21971488,3.48236083984,31.4445495605,36.3089515528
6883.22584295,3.47839355469,32.4401855469,36.3267516862
6885.23257589,3.47503662109,31.1584472656,36.3444774461
6887.23850298,3.47229003906,29.0260314941,36.3612449011
6889.24451184,3.47625732422,30.8799743652,36.3779354537
6891.25067091,3.47991943359,33.447265625,36.3958591587
6893.2568419,3.47686767578,32.1884155273,36.4141475475
6895.26280594,3.47381591797,29.1862487793,36.4312469044
6897.2687149,3.47747802734,31.5246582031,36.44816087
6899.27463794,3.47778320312,32.2227478027,36.4659209242
6901.28078985,3.47625732422,30.6396484375,36.4834364126
6903.28686285,3.47686767578,28.9840698242,36.5000488475
6905.29296899,3.47717285156,29.7317504883,36.516408593
6907.29914784,3.48205566406,32.0892333984,36.5336341417
6909.30489993,3.47473144531,30.1246643066,36.5509654827
6911.31099606,3.47625732422,28.3203125,36.5672496829
6913.31664991,3.47503662109,29.4532775879,36.5833432695
6915.32274985,3.48083496094,29.4189453125,36.5997465422
6917.328408,3.47595214844,30.5671691895,36.6164564921
6919.33436298,3.47747802734,29.3922424316,36.6331614755
6921.34028292,3.47961425781,32.0167541504,36.6502700213
6923.34595084,3.47991943359,32.413482666,36.6682180296
6925.35197306,3.48480224609,33.145904541,36.6864838056
6927.35766888,3.48114013672,32.1502685547,36.7046732863
6929.36336684,3.47686767578,28.9001464844,36.7216800493
6931.36920404,3.48114013672,33.6265563965,36.7390992697
6933.37538195,3.48388671875,32.3944091797,36.7574950755
6935.38261986,3.48083496094,31.9480895996,36.7754326732
6937.38883686,3.48205566406,33.4434509277,36.7936534538
6939.39500189,3.47991943359,32.5813293457,36.8120502045
6941.40148592,3.48205566406,31.7649841309,36.8299821282
6943.406991,3.48052978516,31.6162109375,36.8476364766
6945.41239905,3.47717285156,30.6625366211,36.8649829074
6947.41773891,3.48114013672,32.0243835449,36.8824424324
6949.42319489,3.47991943359,30.7464599609,36.8999263439
6951.42869806,3.47991943359,29.8118591309,36.9167943858
6953.43411684,3.48052978516,29.3655395508,36.9332770894
6955.43954992,3.4814453125,31.421661377,36.9502082927
6957.44504404,3.47686767578,29.9072265625,36.9672908933
6959.45040298,3.48175048828,31.7535400391,36.9844647779
6961.45566893,3.48114013672,32.356262207,37.0023199451
6963.46107697,3.48510742188,33.6875915527,37.0207150667
6965.46660399,3.486328125,33.3137512207,37.0393779838
6967.47197485,3.48052978516,31.1088562012,37.0573212088
6969.47741199,3.47991943359,32.2608947754,37.0749717715
6971.48285985,3.48114013672,31.3835144043,37.0926989305
6973.488235,3.47961425781,30.5061340332,37.1099367031
6975.4935019,3.47961425781,28.4690856934,37.1263618498
6977.49895,3.47961425781,29.6096801758,37.1425387874
6979.50437188,3.47961425781,29.2472839355,37.1589322657
6981.50980401,3.48114013672,28.9421081543,37.1751398874
6983.5152719,3.47930908203,29.239654541,37.1913456731
6985.52063894,3.48052978516,28.3737182617,37.207392334
6987.52599597,3.4814453125,27.7519226074,37.2230245491
