40.2731568813,3.37677001953,0.576019287109,36.4032219604
42.2789669037,3.37738037109,0.530242919922,36.4035301482
44.2843089104,3.37799072266,0.576019287109,36.403838264
46.2899940014,3.37677001953,0.568389892578,36.4041570591
48.2956459522,3.37768554688,0.564575195312,36.404472661
50.3011958599,3.37799072266,0.480651855469,36.4047638075
52.3067150116,3.37707519531,0.560760498047,36.405053887
54.3114318848,3.37738037109,0.556945800781,36.4053650932
56.3176829815,3.37738037109,0.553131103516,36.4056744117
58.3232550621,3.37615966797,0.530242919922,36.4059761873
60.328594923,3.37829589844,0.579833984375,36.4062853653
62.3340408802,3.37615966797,0.576019287109,36.4066073099
64.3395619392,3.37738037109,0.545501708984,36.4069197036
66.3451559544,3.37615966797,0.576019287109,36.4072321085
68.3506479263,3.37738037109,0.556945800781,36.4075476852
70.3561580181,3.37036132812,0.701904296875,36.4078983292
72.3615908623,3.37738037109,0.576019287109,36.4082542723
74.3670330048,3.38348388672,0.530242919922,36.4085624035
76.3723399639,3.46160888672,30.6015014648,36.4172330568
78.3779549599,3.47961425781,32.2265625,36.4347342939
80.3834199905,3.47473144531,31.9557189941,36.4526114218
82.3889198303,3.47869873047,30.1704406738,36.4699161445
84.3944158554,3.47961425781,28.5301208496,36.4862666643
86.4000718594,3.48815917969,31.8794250488,36.5030945488
88.404309988,3.49273681641,32.4172973633,36.5209925964
90.4110159874,3.49426269531,31.1164855957,36.5387000441
92.4164919853,3.49853515625,32.4478149414,36.5564051384
94.4221379757,3.49822998047,31.9175720215,36.5743348857
96.4276869297,3.49761962891,31.0516357422,36.5918748619
98.4332430363,3.50738525391,30.8532714844,36.6091184404
100.438606977,3.50830078125,32.0091247559,36.6266270491
102.444157839,3.50982666016,33.2527160645,36.644805652
104.449466944,3.50860595703,28.5263061523,36.6620120458
106.454972982,3.51409912109,29.5028686523,36.6781756376
108.461457968,3.51623535156,31.867980957,36.6952783721
110.465854883,3.51287841797,28.5530090332,36.7120988784
112.472339869,3.50738525391,31.6047668457,36.7288635554
114.477869034,3.51745605469,31.6467285156,36.7464819885
116.483310938,3.51898193359,30.6930541992,36.7638457125
118.488648891,3.51654052734,27.9693603516,36.7801843189
120.494098902,3.52478027344,32.3486328125,36.7969849745
122.499599934,3.52264404297,31.665802002,36.814815671
124.504996061,3.52172851562,30.6167602539,36.8321630612
126.510441065,3.52081298828,28.8848876953,36.8487362949
128.515980005,3.52294921875,32.7606201172,36.8659074708
130.521491051,3.52752685547,33.1764221191,36.8842737856
132.526811838,3.52600097656,32.7529907227,36.9026362331
134.532330036,3.52844238281,31.7230224609,36.9205956522
136.537759066,3.52966308594,32.3486328125,36.9384416463
138.543390036,3.52813720703,29.7241210938,36.9557326238
140.548843861,3.52752685547,29.239654541,36.972156114
142.554357052,3.52783203125,29.8385620117,36.9886119671
144.559710026,3.53057861328,32.1960449219,37.0058899231
146.565077066,3.53149414062,32.1159362793,37.0238023019
148.570574045,3.53302001953,31.3911437988,37.0414916432
150.576025009,3.53088378906,30.1628112793,37.0586365652
152.581521988,3.53088378906,29.2663574219,37.07519004
154.587058067,3.52813720703,30.4260253906,37.0918171549
156.592545986,3.53393554688,30.4107666016,37.1087626343
158.598077059,3.53302001953,30.0903320312,37.1256149722
160.60352397,3.53576660156,28.7475585938,37.1420033425
162.609057903,3.53912353516,33.332824707,37.1592956085
164.614529848,3.53637695312,30.7540893555,37.1771462347
166.620131969,3.53149414062,28.3164978027,37.1936006923
168.625638962,3.53973388672,33.5426330566,37.2108310978
170.631206989,3.53881835938,31.5818786621,37.2289716031
172.636590958,3.54095458984,29.2282104492,37.2459087667
174.642168999,3.53942871094,32.4325561523,37.2630845277
176.647667885,3.53881835938,28.8848876953,37.2801639813
178.653254032,3.54217529297,33.3938598633,37.2975119526
180.658872843,3.53851318359,30.5976867676,37.3153373206
182.664350986,3.54309082031,31.4559936523,37.3326216678
184.669746876,3.53332519531,28.003692627,37.3491828081
186.675251961,3.54339599609,31.8984985352,37.3658681066
188.680693865,3.54400634766,31.1584472656,37.3834315846
190.686223984,3.54187011719,28.7170410156,37.4001096533
192.691697836,3.54339599609,31.2881469727,37.4168233805
194.69719696,3.54675292969,34.1033935547,37.4350376412
196.702674866,3.54675292969,32.1197509766,37.453483343
198.708446026,3.54217529297,31.9671630859,37.4713366325
200.713835001,3.54614257812,32.8063964844,37.4893777689
202.719681025,3.55163574219,30.0331115723,37.5068842102
204.725144863,3.54400634766,28.434753418,37.5231696531
206.73060298,3.54309082031,28.3470153809,37.5389854113
208.736013889,3.54309082031,28.0265808105,37.5546871092
210.741595984,3.54339599609,28.3012390137,37.5703773963
212.747035027,3.544921875,27.5611877441,37.5859369368
214.75239706,3.54705810547,29.6630859375,37.6018751848
216.757818937,3.5498046875,31.4178466797,37.6188881068
218.76343894,3.54888916016,31.9175720215,37.6365307155
220.768828869,3.55133056641,32.6995849609,37.6545282983
222.774351835,3.55072021484,33.2107543945,37.6728872843
224.779870987,3.55194091797,31.9709777832,37.691043286
226.785249949,3.54949951172,31.6009521484,37.7087496486
228.790612936,3.54705810547,28.8200378418,37.7255782621
230.796110868,3.54919433594,30.7083129883,37.7421593711
232.801570892,3.55224609375,33.1192016602,37.759937639
234.807133913,3.55010986328,30.7464599609,37.7777274458
236.812577009,3.54919433594,28.8009643555,37.794313414
