1827.20682597,3.07922363281,-80.5702209473,36.7682928006
1829.21213603,3.07891845703,-80.5892944336,36.7234074121
1831.21760988,3.07861328125,-80.5587768555,36.678521545
1833.22310686,3.07739257812,-80.5854797363,36.6336362228
1835.22887993,3.07830810547,-80.509185791,36.5887585365
1837.23433685,3.07708740234,-80.5015563965,36.5439112993
1839.23983288,3.08441162109,-80.5397033691,36.4990546873
1841.24516702,3.07769775391,-80.4634094238,36.4542123208
1843.25046897,3.07434082031,-80.5397033691,36.4093706741
1845.25595689,3.07678222656,-80.5473327637,36.3645014929
1847.261338,3.07678222656,-80.5053710938,36.3196442638
1849.26675797,3.07586669922,-80.4786682129,36.2748052906
1851.27224588,3.07647705078,-80.4862976074,36.2299701108
1853.27777696,3.07556152344,-80.4634094238,36.1851382165
1855.28325391,3.07556152344,-80.4710388184,36.1403117823
1857.28862596,3.07525634766,-80.4786682129,36.0954834429
1859.29474187,3.07373046875,-80.4824829102,36.0506352864
1861.30011988,3.07678222656,-80.5053710938,36.0057961889
1863.30577207,3.07373046875,-80.4405212402,35.9609626499
1865.31119895,3.07434082031,-80.436706543,35.9161532724
1867.31667304,3.07312011719,-80.4405212402,35.8713428402
1869.32207084,3.07373046875,-80.4290771484,35.8265362377
1871.32744384,3.07373046875,-80.4290771484,35.7817333766
1873.33280396,3.07373046875,-80.4443359375,35.7369265533
1875.33837104,3.07342529297,-80.3833007812,35.692127857
1877.34378695,3.07037353516,-80.3909301758,35.6473474124
1879.34920192,3.07678222656,-80.4557800293,35.6025468013
1881.35470986,3.07403564453,-80.394744873,35.5577430505
1883.36005688,3.07342529297,-80.3375244141,35.5129758316
1885.36549497,3.07342529297,-80.3337097168,35.4682235798
1887.37097406,3.07220458984,-80.3565979004,35.4234651002
1889.37635994,3.07189941406,-80.3337097168,35.3787087012
1891.38181901,3.07220458984,-80.3413391113,35.3339549187
1893.38740897,3.07464599609,-80.322265625,35.289201403
1895.39285684,3.07159423828,-80.3565979004,35.244446808
1897.39810205,3.0712890625,-80.2955627441,35.1997041726
1899.40361285,3.0712890625,-80.3031921387,35.1549704867
1901.40897202,3.07067871094,-80.322265625,35.1102327457
1903.4144299,3.07037353516,-80.2917480469,35.0654959902
1905.41995502,3.07037353516,-80.2917480469,35.0207662355
1907.42538285,3.07037353516,-80.2612304688,34.9760471505
1909.43079805,3.07098388672,-80.2726745605,34.9313336597
1911.43609285,3.06976318359,-80.2841186523,34.8866164788
1913.44158387,3.06945800781,-80.1658630371,34.8419246736
1915.44704485,3.06945800781,-80.2574157715,34.7972409756
1917.45260286,3.06915283203,-80.2154541016,34.752541302
1919.45808005,3.06945800781,-80.2421569824,34.7078476799
1921.46350384,3.07006835938,-80.249786377,34.6631456854
1923.46892285,3.06884765625,-80.2040100098,34.6184544223
1925.47425199,3.07769775391,-80.2230834961,34.5737725995
1927.4796679,3.06701660156,-80.2421569824,34.5290782179
1929.48521686,3.06854248047,-80.1963806152,34.4843883094
1931.49199986,3.06854248047,-80.1849365234,34.4396868508
1933.49748993,3.06823730469,-80.1734924316,34.395020568
1935.50294185,3.06793212891,-80.1658630371,34.3503604475
1937.50829506,3.06793212891,-80.1544189453,34.3057078374
1939.51370597,3.06732177734,-80.1391601562,34.2610613801
1941.51930285,3.06701660156,-80.1429748535,34.2164139705
1943.524683,3.06945800781,-80.1658630371,34.171763948
1945.53011489,3.06488037109,-80.1315307617,34.1271159611
1947.53563595,3.06518554688,-80.0933837891,34.0824861778
1949.54097795,3.07281494141,-80.1696777344,34.0378497542
1951.54646993,3.06304931641,-80.1315307617,33.9931993672
1953.55178189,3.06213378906,-80.078125,33.9485784867
1955.55725193,3.06640625,-80.0666809082,33.903972152
1957.56270289,3.06549072266,-80.0895690918,33.8593630539
1959.56817794,3.06518554688,-80.0819396973,33.8147491701
1961.57359099,3.06579589844,-80.0628662109,33.7701441028
1963.57898593,3.06549072266,-80.0857543945,33.725538376
1965.58335686,3.06427001953,-80.1086425781,33.6809426827
1967.58962584,3.06518554688,-80.0704956055,33.636309011
1969.59501696,3.06549072266,-79.9293518066,33.5917448064
1971.60124087,3.06365966797,-79.9980163574,33.547182291
1973.60741687,3.06335449219,-80.0590515137,33.5025847011
1975.61358404,3.05877685547,-80.0170898438,33.4579819927
1977.61926699,3.06457519531,-79.9598693848,33.413417679
1979.62507987,3.06427001953,-80.0018310547,33.3688547291
1981.63131499,3.06762695312,-80.0819396973,33.3242483841
1983.63739395,3.06304931641,-79.948425293,33.2796603914
1985.64341092,3.06304931641,-80.0437927246,33.2350844047
1987.64916897,3.06335449219,-80.0285339355,33.190491855
1989.65540385,3.06335449219,-79.9827575684,33.1459057113
1991.66165805,3.06427001953,-79.9789428711,33.1013329567
1993.66779184,3.06243896484,-79.9789428711,33.05676394
1995.67404103,3.06121826172,-79.9789428711,33.0121923597
1997.67999101,3.06213378906,-79.9674987793,32.9676306152
1999.686414,3.06213378906,-79.9255371094,32.9230732451
2001.69261599,3.06121826172,-80.0361633301,32.8785016506
2003.69855189,3.06091308594,-79.8683166504,32.8339519092
2005.70455694,3.06182861328,-79.9407958984,32.7894272027
2007.71088696,3.06030273438,-79.9255371094,32.7448793386
2009.71620989,3.06121826172,-79.9293518066,32.7003570226
2011.72166491,3.06030273438,-79.9751281738,32.6558179613
2013.72716689,3.06091308594,-79.963684082,32.6112682939
2015.73306584,3.06121826172,-79.9255371094,32.5667236242
2017.73854399,3.06091308594,-79.9293518066,32.5221978623
2019.74408889,3.06060791016,-79.891204834,32.4776801814
2021.74968386,3.06091308594,-79.8988342285,32.43316989
2023.75497293,3.06060791016,-79.9446105957,32.388651513
