3415.61671495,3.35266113281,0.522613525391,33.6724603991
3417.62225389,3.35205078125,0.453948974609,33.6727324177
3419.62765384,3.35266113281,0.434875488281,33.67297998
3421.63304687,3.35296630859,0.419616699219,33.673217979
3423.63883996,3.35510253906,0.438690185547,33.6734570882
3425.64414787,3.35357666016,0.415802001953,33.6736950771
3427.64941001,3.35388183594,0.438690185547,33.6739330605
3429.65487194,3.35418701172,0.461578369141,33.674183818
3431.66026092,3.35418701172,0.411987304688,33.674427129
3433.66566992,3.35021972656,0.411987304688,33.6746566299
3435.67112994,3.35540771484,0.453948974609,33.6748978244
3437.676507,3.35235595703,0.385284423828,33.6751315715
3439.68196392,3.35632324219,0.434875488281,33.6753600153
3441.6873889,3.35235595703,0.404357910156,33.6755937681
3443.69282103,3.35693359375,0.457763671875,33.6758338967
3445.69819593,3.35876464844,0.370025634766,33.6760644561
3447.70365191,3.35693359375,0.42724609375,33.6762865247
3449.70904398,3.35723876953,0.438690185547,33.676527711
3451.71450305,3.35845947266,0.404357910156,33.6767625302
3453.71993685,3.35723876953,0.461578369141,33.6770037216
3455.72524905,3.35815429688,0.423431396484,33.6772502106
3457.73066497,3.35815429688,0.415802001953,33.6774839623
3459.73618293,3.35845947266,0.442504882812,33.6777230387
3461.74169803,3.35876464844,0.446319580078,33.6779706152
3463.74710703,3.36212158203,0.396728515625,33.6782054285
3465.75256395,3.35968017578,0.438690185547,33.6784381225
3467.757936,3.35693359375,0.434875488281,33.6786814314
3469.76320386,3.35998535156,0.423431396484,33.6789204779
3471.76870203,3.35906982422,0.484466552734,33.6791733651
3473.7741909,3.36059570312,0.457763671875,33.679435814
3475.77958202,3.36029052734,0.434875488281,33.6796844377
3477.78503799,3.36059570312,0.507354736328,33.6799468824
3479.79043293,3.36059570312,0.457763671875,33.680215694
3481.79584002,3.35998535156,0.453948974609,33.6804696322
3483.80119991,3.36090087891,0.408172607422,33.6807097522
3485.80668592,3.36181640625,0.396728515625,33.6809339491
3487.81213903,3.36151123047,0.423431396484,33.6811623925
3489.81760192,3.36334228516,0.42724609375,33.6813993372
3491.82305598,3.36151123047,0.415802001953,33.6816341558
3493.82836986,3.36547851562,0.522613525391,33.6818955194
3495.83410192,3.36181640625,0.450134277344,33.6821665016
3497.83924699,3.35693359375,0.473022460938,33.6824235937
3499.84472585,3.36242675781,0.419616699219,33.6826722282
3501.85016894,3.3642578125,0.434875488281,33.6829102332
3503.85567999,3.36334228516,0.392913818359,33.6831408083
3505.86100292,3.36212158203,0.385284423828,33.6833575498
3507.86660004,3.36273193359,0.392913818359,33.6835743209
3509.87233996,3.36334228516,0.465393066406,33.6838134237
3511.87769389,3.36181640625,0.423431396484,33.6840609803
3513.88324904,3.36334228516,0.423431396484,33.6842968734
3515.88873792,3.36334228516,0.495910644531,33.684552947
3517.89424491,3.36334228516,0.419616699219,33.6848079604
3519.89975595,3.36273193359,0.514984130859,33.6850682871
3521.90521693,3.36334228516,0.473022460938,33.6853434828
3523.9106009,3.36456298828,0.473022460938,33.6856069805
3525.91591787,3.36364746094,0.423431396484,33.6858566574
3527.92134285,3.37036132812,0.404357910156,33.6860872226
3529.92687988,3.36273193359,0.446319580078,33.6863241761
3531.93294597,3.3642578125,0.411987304688,33.6865633178
3533.93866587,3.3642578125,0.434875488281,33.6867992303
3535.94435501,3.3642578125,0.446319580078,33.687044703
3537.95028687,3.36273193359,0.415802001953,33.6872848915
3539.95607305,3.3642578125,0.469207763672,33.6875314387
3541.96173692,3.36486816406,0.411987304688,33.6877769083
3543.96772885,3.36456298828,0.476837158203,33.6880245437
3545.97347093,3.36303710938,0.438690185547,33.688279587
3547.98011398,3.36456298828,0.434875488281,33.6885230501
3549.98628902,3.36456298828,0.404357910156,33.6887568903
3551.99227786,3.36517333984,0.453948974609,33.6889960228
3553.99854684,3.36517333984,0.423431396484,33.6892405035
3556.00470495,3.36486816406,0.453948974609,33.6894849707
3558.01085806,3.36517333984,0.450134277344,33.6897368775
3560.01675892,3.36273193359,0.453948974609,33.6899887527
3562.02255893,3.36639404297,0.404357910156,33.6902278627
3564.02855802,3.36395263672,0.400543212891,33.690452117
3566.03440094,3.36517333984,0.48828125,33.690699734
3568.04077387,3.35998535156,0.446319580078,33.6909601726
3570.04651904,3.36517333984,0.423431396484,33.6912024641
3572.05280304,3.36334228516,0.404357910156,33.691433128
3574.05877686,3.36578369141,0.408172607422,33.6916595051
3576.06435895,3.36578369141,0.473022460938,33.6919049647
3578.07008886,3.36578369141,0.461578369141,33.6921653198
3580.07626796,3.36486816406,0.48828125,33.6924299849
3582.08284092,3.36578369141,0.438690185547,33.6926883232
3584.09024191,3.36975097656,0.42724609375,33.6929297512
3586.09694099,3.36547851562,0.431060791016,33.6931689683
3588.10301495,3.36486816406,0.564575195312,33.6934463738
3590.10876298,3.36456298828,0.434875488281,33.6937247969
3592.11429906,3.36456298828,0.511169433594,33.6939883146
3594.12001896,3.36578369141,0.446319580078,33.6942550444
3596.12542701,3.36730957031,0.503540039062,33.6945196077
3598.13101888,3.36608886719,0.446319580078,33.6947841953
3600.13644099,3.37066650391,0.423431396484,33.6950264478
3602.14194989,3.36700439453,0.484466552734,33.6952793364
3604.14770293,3.36700439453,0.446319580078,33.6955386318
3606.15309,3.36669921875,0.404357910156,33.6957755676
3608.15839195,3.36639404297,0.446319580078,33.6960124933
3610.16391087,3.36456298828,0.370025634766,33.6962398816
3612.16944599,3.36639404297,0.469207763672,33.6964736472
