834.459810019,3.38958740234,0.583648681641,38.35017045
836.465111017,3.38897705078,0.530242919922,38.3504806844
838.470483065,3.39019775391,0.530242919922,38.350776055
840.475837946,3.46008300781,28.4729003906,38.3588540544
842.481245995,3.47106933594,27.8854370117,38.3745514798
844.486711025,3.48052978516,28.8848876953,38.390364105
846.492189884,3.48388671875,29.9034118652,38.4067389233
848.497580051,3.49243164062,32.470703125,38.4241117617
850.503206968,3.49731445312,30.8494567871,38.4417501808
852.508672953,3.49822998047,29.052734375,38.4584351539
854.514032841,3.50433349609,31.7077636719,38.4753583019
856.519427061,3.50738525391,31.8260192871,38.4930541743
858.52499795,3.50769042969,28.5224914551,38.5098643433
860.530514956,3.51654052734,33.145904541,38.5270417067
862.535898924,3.51715087891,28.8047790527,38.544296555
864.541398048,3.52355957031,33.6608886719,38.5616958386
866.546722889,3.52264404297,29.613494873,38.5793188515
868.552047014,3.52600097656,30.1094055176,38.5959527089
870.557646036,3.52844238281,28.018951416,38.6121446778
872.563067913,3.53149414062,32.356262207,38.6289610353
874.56849885,3.53607177734,29.6592712402,38.6462343505
876.574077845,3.53973388672,30.6663513184,38.6630382118
878.579557896,3.53912353516,31.5895080566,38.6803788901
880.584863901,3.53942871094,29.167175293,38.697300521
882.590361834,3.54187011719,29.727935791,38.7137052464
884.595726013,3.54339599609,31.6848754883,38.7308101148
886.601115942,3.54431152344,29.1175842285,38.7477452037
888.606752872,3.54583740234,28.5377502441,38.7638057132
890.612129927,3.55163574219,34.0156555176,38.7812283749
892.617642879,3.55072021484,32.0816040039,38.7996393346
894.623062849,3.55041503906,30.2238464355,38.8169933061
896.628334999,3.55377197266,30.5404663086,38.8339167761
898.633779049,3.55926513672,33.4739685059,38.851746966
900.639606953,3.55407714844,28.6521911621,38.8690545195
902.644970894,3.55926513672,32.398223877,38.8860584501
904.650388002,3.47320556641,0.514984130859,38.895225771
906.655827999,3.46313476562,0.537872314453,38.8955190266
908.661160946,3.45825195312,0.526428222656,38.895815454
910.666378021,3.45092773438,0.6103515625,38.8961320499
912.671857834,3.44970703125,0.537872314453,38.8964518748
914.6772089,3.44207763672,0.560760498047,38.8967578671
916.682569981,3.44482421875,0.556945800781,38.8970691733
918.688119888,3.44207763672,0.537872314453,38.8973741334
920.69351387,3.44024658203,0.564575195312,38.8976811947
922.698904991,3.43811035156,0.541687011719,38.8979893181
924.704278946,3.43566894531,0.556945800781,38.8982953139
926.71002388,3.43414306641,0.526428222656,38.8985971155
928.715430975,3.43322753906,0.568389892578,38.8989020539
930.720931053,3.43200683594,0.583648681641,38.8992229446
932.727440834,3.43048095703,0.545501708984,38.8995376184
934.733372927,3.42864990234,0.518798828125,38.8998341344
936.73888588,3.42834472656,0.54931640625,38.9001316509
938.744174004,3.42620849609,0.556945800781,38.9004397584
940.749732018,3.42559814453,0.564575195312,38.9007521578
942.755192041,3.42468261719,0.560760498047,38.9010656044
944.760604858,3.42193603516,0.568389892578,38.9013801062
946.766762972,3.42315673828,0.545501708984,38.9016904732
948.77193594,3.42498779297,0.625610351562,38.9020166235
950.777245998,3.42163085938,0.541687011719,38.9023417337
952.782613039,3.41979980469,0.564575195312,38.9026498534
954.788153887,3.42010498047,0.556945800781,38.9029622501
956.793577909,3.41644287109,0.530242919922,38.903265066
958.799021006,3.41857910156,0.556945800781,38.9035678847
960.804417849,3.41766357422,0.659942626953,38.9039068214
962.809798956,3.41766357422,0.534057617188,38.9042393805
964.815165043,3.41552734375,0.476837158203,38.904520938
966.820555925,3.41644287109,0.564575195312,38.904810999
968.825911045,3.41583251953,0.541687011719,38.9051191168
970.831313848,3.41461181641,0.556945800781,38.905425117
972.836772919,3.41430664062,0.556945800781,38.9057353759
974.842211962,3.41339111328,0.587463378906,38.9060541319
976.847596884,3.41369628906,0.54931640625,38.9063707542
978.853025913,3.41003417969,0.595092773438,38.9066895086
980.858265877,3.41217041016,0.553131103516,38.9070092953
982.863798857,3.40850830078,0.576019287109,38.9073238159
984.869219065,3.41186523438,0.54931640625,38.9076372563
986.87462306,3.41247558594,0.644683837891,38.9079698192
988.879984856,3.41064453125,0.560760498047,38.9083055626
990.885469913,3.408203125,0.644683837891,38.9086413265
992.890893936,3.41003417969,0.553131103516,38.9089749553
994.896184921,3.41247558594,0.518798828125,38.9092735013
996.901679039,3.40911865234,0.522613525391,38.9095635772
998.907027006,3.40789794922,0.534057617188,38.9098578818
1000.91246486,3.40881347656,0.518798828125,38.9101511371
1002.91801095,3.41003417969,0.556945800781,38.9104507837
1004.92359686,3.408203125,0.541687011719,38.9107568118
1006.92900705,3.48937988281,31.810760498,38.9197679129
1008.93436193,3.49975585938,31.4788818359,38.9373954398
1010.93980503,3.50677490234,33.8973999023,38.9556049416
1012.94635701,3.50799560547,29.2510986328,38.9732036561
1014.95181704,3.51806640625,33.4739685059,38.9906748526
1016.95724988,3.52630615234,30.2124023438,39.0084135665
1018.96384597,3.52966308594,33.8859558105,39.026277388
1020.96897507,3.53363037109,33.3061218262,39.0449897199
1022.97426891,3.52935791016,31.4407348633,39.0630225634
1024.97943997,3.53424072266,29.7927856445,39.0800758528
1026.98503685,3.54675292969,32.0587158203,39.0973049053
1028.99049187,3.54095458984,28.3584594727,39.1141332285
1030.995893,3.54339599609,30.3382873535,39.1304819122
