5798.2545259,3.09997558594,-80.7647705078,32.2714674385
5800.25987697,3.09844970703,-80.8296203613,32.2264600101
5802.26523805,3.09906005859,-80.8067321777,32.1814406698
5804.27067494,3.09875488281,-80.8029174805,32.136427065
5806.27592492,3.09814453125,-80.7914733887,32.0914219055
5808.28137183,3.09814453125,-80.8219909668,32.0464070134
5810.28680897,3.09753417969,-80.7609558105,32.0014008409
5812.29228306,3.09753417969,-80.7838439941,31.9564044645
5814.29772902,3.09753417969,-80.7304382324,31.9114172194
5816.30315185,3.09875488281,-80.7838439941,31.8664304932
5818.30851698,3.09692382812,-80.7495117188,31.8214397488
5820.31386685,3.09936523438,-80.6884765625,31.7764759086
5822.319309,3.09631347656,-80.8029174805,31.7314951243
5824.32469988,3.09600830078,-80.753326416,31.6864974272
5826.33006096,3.09661865234,-80.7876586914,31.6415046489
5828.33556294,3.095703125,-80.7609558105,31.596506584
5830.34096098,3.09295654297,-80.7495117188,31.5515214764
5832.34632301,3.09509277344,-80.6884765625,31.5065573636
5834.35158491,3.09417724609,-80.7075500488,31.4616071827
5836.35709286,3.09417724609,-80.7800292969,31.416625985
5838.36257005,3.09478759766,-80.6999206543,31.3716476021
5840.36792803,3.09356689453,-80.7075500488,31.32669208
5842.3733139,3.09417724609,-80.753326416,31.2817210576
5844.37877703,3.09356689453,-80.7037353516,31.2367493655
5846.38411784,3.09265136719,-80.623626709,31.19181654
5848.38934493,3.09326171875,-80.6846618652,31.1468915747
5850.39478898,3.09326171875,-80.7762145996,31.1019192477
5852.40022802,3.09265136719,-80.638885498,31.0569597833
5854.40561891,3.09265136719,-80.6922912598,31.0120247735
5856.4110539,3.09234619141,-80.6694030762,30.9670802752
5858.41638494,3.09204101562,-80.7037353516,30.9221349191
5860.42179298,3.09143066406,-80.6884765625,30.8771825246
5862.42707396,3.09143066406,-80.6274414062,30.8322542273
5864.43249893,3.09387207031,-80.6846618652,30.787323766
5866.43789196,3.09295654297,-80.6007385254,30.742401458
5868.44345093,3.09051513672,-80.5931091309,30.6975009349
5870.44879198,3.08868408203,-80.6655883789,30.6525872285
5872.4542129,3.09051513672,-80.6274414062,30.6076621706
5874.45954204,3.0859375,-80.5358886719,30.5627752927
5876.46484494,3.08990478516,-80.6312561035,30.5178879394
5878.47070003,3.08502197266,-80.5206298828,30.4729924769
5880.47602892,3.08929443359,-80.6007385254,30.4281172914
5882.48145294,3.0908203125,-80.5854797363,30.3832219145
5884.4868679,3.08990478516,-80.56640625,30.3383363029
5886.49238086,3.08929443359,-80.5358886719,30.2934623113
5888.49781084,3.08746337891,-80.5587768555,30.2485923013
5890.50309086,3.08868408203,-80.5892944336,30.2037107725
5892.50854683,3.08685302734,-80.5740356445,30.1588210555
5894.51395583,3.08807373047,-80.5854797363,30.1139334523
5896.51935387,3.08685302734,-80.5625915527,30.0690492821
5898.52475595,3.08715820312,-80.5702209473,30.0241692711
5900.53029203,3.08715820312,-80.5854797363,29.9792798861
5902.53561592,3.09143066406,-80.6274414062,29.9343793137
5904.54111099,3.08654785156,-80.5969238281,29.8894717206
5906.54653692,3.08715820312,-80.5435180664,29.8445890511
5908.55201292,3.08624267578,-80.6274414062,29.7996967607
5910.55737805,3.08624267578,-80.5397033691,29.7548080145
5912.56281185,3.0810546875,-80.6083679199,29.7099230439
5914.56819487,3.08807373047,-80.5778503418,29.6650285849
5916.57365394,3.08532714844,-80.5625915527,29.6201451737
5918.57903695,3.08380126953,-80.5854797363,29.5752613397
5920.58449793,3.08502197266,-80.5053710938,29.5303916987
5922.58990884,3.08471679688,-80.5549621582,29.4855316779
5924.59543204,3.08532714844,-80.5397033691,29.4406595821
5926.60082102,3.08410644531,-80.493927002,29.3958074895
5928.60627484,3.08441162109,-80.4824829102,29.3509698844
5930.61163187,3.08502197266,-80.5053710938,29.306131256
5932.61695385,3.08349609375,-80.5015563965,29.261288099
5934.62243605,3.08013916016,-80.5168151855,29.2164381715
5936.62779903,3.08441162109,-80.5053710938,29.1715898476
5938.63323402,3.08135986328,-80.5244445801,29.1267377883
5940.63869286,3.08319091797,-80.4786682129,29.0818926335
5942.64413285,3.08349609375,-80.4862976074,29.0370585251
5944.64949083,3.07983398438,-80.5397033691,28.9922092506
5946.65482903,3.08197021484,-80.4595947266,28.947367856
5948.66027999,3.07678222656,-80.4862976074,28.902538815
5950.6660409,3.08227539062,-80.4672241211,28.8577007203
5952.67155194,3.08166503906,-80.436706543,28.8128820244
5954.67722702,3.08319091797,-80.451965332,28.7680639134
5956.68270802,3.0810546875,-80.4481506348,28.7232469514
5958.68987083,3.08013916016,-80.4977416992,28.6783796446
5960.69510603,3.08441162109,-80.4481506348,28.6335554268
5962.70051503,3.08044433594,-80.436706543,28.5887443239
5964.70600104,3.08441162109,-80.451965332,28.5439304377
5966.7114079,3.2177734375,0.411987304688,28.5216370043
5968.71672988,3.22570800781,0.423431396484,28.5218696825
5970.72211885,3.23516845703,0.484466552734,28.5221225559
5972.72745585,3.28186035156,30.1628112793,28.5306584059
5974.73284292,3.29620361328,29.6363830566,28.5473140353
5976.73833585,3.30169677734,28.9764404297,28.5636400912
5978.74370289,3.31024169922,30.1475524902,28.5801074949
5980.74946404,3.31787109375,31.1851501465,28.5971934327
5982.754879,3.31909179688,28.507232666,28.6138195435
5984.76018906,3.32275390625,27.8930664062,28.6295278889
5986.76555705,3.32611083984,29.541015625,28.6455246208
5988.77107906,3.33435058594,32.470703125,28.6627976579
5990.77649689,3.33557128906,29.8728942871,28.6801622359
5992.781883,3.33374023438,28.9840698242,28.6965554218
5994.78729105,3.34625244141,33.1115722656,28.7138508524
