7585.24923396,3.60504150391,31.909942627,42.3240563047
7587.25519896,3.60229492188,30.0331115723,42.3413140267
7589.26136494,3.61328125,33.3786010742,42.3589826962
7591.26710606,3.61328125,30.1666259766,42.3766848177
7593.27324486,3.6181640625,31.0211181641,42.3937335827
7595.27921104,3.62213134766,29.3769836426,42.4105608813
7597.28653502,3.61999511719,27.8587341309,42.4265179131
7599.29221988,3.62915039062,30.3535461426,42.4427339532
7601.29828787,3.63372802734,29.9453735352,42.4595344716
7603.30417705,3.63830566406,30.6434631348,42.4764142621
7605.31045198,3.64318847656,30.101776123,42.4933408803
7607.31660104,3.65814208984,31.4903259277,42.5105023994
7609.32261992,3.65386962891,31.2080383301,42.5279710247
7611.32854104,3.66363525391,32.2761535645,42.5456577305
7613.33435798,3.66577148438,28.5835266113,42.5626123662
7615.34076905,3.67431640625,28.2325744629,42.5784452071
7617.34625888,3.67980957031,28.7742614746,42.5943239057
7619.35166883,3.69232177734,31.7115783691,42.6111709759
7621.35737705,3.69903564453,30.9066772461,42.62861458
7623.36290884,3.71032714844,30.5061340332,42.645720878
7625.36830688,3.72406005859,33.4205627441,42.6635262213
7627.37368083,3.72894287109,31.177520752,42.6815183483
7629.37899089,3.74084472656,28.018951416,42.6980054706
7631.38447404,3.75183105469,27.9006958008,42.7135812915
7633.389925,3.76586914062,29.5906066895,42.7295946232
7635.39537597,3.78479003906,33.1649780273,42.7470742409
7637.40079999,3.80065917969,33.576965332,42.7656639488
7639.40635085,3.81866455078,33.4854125977,42.784344089
7641.41175795,3.83270263672,32.0777893066,42.8026053266
7643.41702604,3.85070800781,30.0178527832,42.8198995502
7645.42243886,3.87145996094,31.5628051758,42.8370515836
7647.42802596,3.89862060547,31.0592651367,42.854495197
7649.43397403,3.91418457031,30.3039550781,42.8715912294
7651.43998885,3.93920898438,30.9143066406,42.8886474433
7653.44541097,3.96789550781,33.3824157715,42.906556064
7655.45088601,3.99444580078,33.6799621582,42.9252354981
7657.45648193,4.02252197266,32.7987670898,42.9437534798
7659.46190286,4.05120849609,31.1813354492,42.9615739015
7661.46738291,4.08050537109,29.670715332,42.9785235646
7663.47286201,3.97277832031,0.541687011719,42.9869388898
7665.47829199,3.91235351562,0.518798828125,42.987234269
7667.48370004,3.86810302734,0.518798828125,42.9875232699
7669.48907304,3.83911132812,0.511169433594,42.9878101408
7671.49447584,3.80645751953,0.560760498047,42.9881087035
7673.49991202,3.7890625,0.587463378906,42.9884285215
7675.50526285,3.76678466797,0.514984130859,42.9887355762
7677.51070189,3.75030517578,0.579833984375,42.9890405194
7679.51619887,3.74053955078,0.556945800781,42.9893571595
7681.52164984,3.73077392578,0.579833984375,42.9896737923
7683.52705693,3.72161865234,0.545501708984,42.9899872306
7685.53230286,3.71246337891,0.522613525391,42.9902847075
7687.53778791,3.70574951172,0.530242919922,42.9905779697
7689.54317093,3.69995117188,0.537872314453,42.990875467
7691.54857683,3.69384765625,0.545501708984,42.9911772176
7693.55398989,3.68835449219,0.530242919922,42.9914768443
7695.55954194,3.68347167969,0.48828125,42.9917605531
7697.56490993,3.67919921875,0.507354736328,42.992037861
7699.57026386,3.67431640625,0.518798828125,42.9923236667
7701.57564187,3.67126464844,0.54931640625,42.9926211632
7703.58113694,3.66577148438,0.644683837891,42.9929537412
7705.58719897,3.66394042969,0.534057617188,42.9932821618
7707.59154892,3.66516113281,0.465393066406,42.9935603908
7709.59797192,3.65753173828,0.503540039062,42.9938304033
7711.60333705,3.65386962891,0.545501708984,42.9941225855
7713.60867906,3.65203857422,0.526428222656,42.9944211391
7715.61405993,3.65020751953,0.54931640625,42.994720761
7717.61949086,3.64654541016,0.534057617188,42.9950225154
7719.62493896,3.64379882812,0.518798828125,42.9953157722
7721.63039088,3.64135742188,0.511169433594,42.9956026544
7723.63599586,3.63922119141,0.545501708984,42.9958969967
7725.64128184,3.6328125,0.617980957031,42.9962210406
7727.64675689,3.63555908203,0.514984130859,42.9965366146
7729.65215802,3.63250732422,0.476837158203,42.9968128646
7731.65760398,3.63067626953,0.541687011719,42.9970965583
7733.66301894,3.62854003906,0.507354736328,42.9973887478
7735.66848993,3.62854003906,0.602722167969,42.997697946
7737.67380285,3.62548828125,0.522613525391,42.9980113696
7739.67912698,3.63098144531,0.495910644531,42.9982950462
7741.684582,3.62182617188,0.514984130859,42.9985766162
7743.69013286,3.61999511719,0.511169433594,42.9988624499
7745.69551086,3.61907958984,0.534057617188,42.9991535715
7747.70090604,3.61724853516,0.541687011719,42.9994531955
7749.70631289,3.61358642578,0.545501708984,42.9997560088
7751.71172285,3.61419677734,0.534057617188,43.0000566976
7753.71697783,3.61663818359,0.579833984375,43.0003669249
7755.722399,3.61145019531,0.530242919922,43.0006761154
7757.72778606,3.61175537109,0.522613525391,43.0009693633
7759.7335999,3.60992431641,0.492095947266,43.0012520464
7761.739007,3.60717773438,0.499725341797,43.0015282972
7763.74443007,3.60656738281,0.514984130859,43.0018109252
7765.74981785,3.60443115234,0.534057617188,43.0021031107
7767.75518703,3.60412597656,0.48828125,43.0023878561
7769.76057386,3.60260009766,0.541687011719,43.002674729
7771.76602292,3.60412597656,0.587463378906,43.0029892364
7773.77142406,3.60137939453,0.514984130859,43.0032962988
7775.77688503,3.59954833984,0.530242919922,43.0035874324
7777.78238392,3.59893798828,0.545501708984,43.003887072
7779.78768206,3.59832763672,0.495910644531,43.0041771195
7781.79298806,3.5986328125,0.48828125,43.0044512314
