6195.33367085,3.42346191406,30.8532714844,30.4381195097
6197.33970189,3.42590332031,32.0091247559,30.4556339427
6199.34544396,3.42498779297,28.3279418945,30.4724423584
6201.35123897,3.42864990234,31.8984985352,30.4892203991
6203.35692501,3.42803955078,29.6821594238,30.5063747695
6205.36234689,3.42926025391,32.5393676758,30.5237053822
6207.36771894,3.43231201172,33.0352783203,30.541969488
6209.37313199,3.42834472656,29.598236084,30.5594147752
6211.37872601,3.42987060547,31.3720703125,30.5763983421
6213.38440084,3.42834472656,30.2581787109,30.5935664309
6215.38984203,3.42620849609,29.8118591309,30.6102979487
6217.395329,3.43231201172,33.4205627441,30.6279106984
6219.40069604,3.42926025391,30.5862426758,30.6457380787
6221.40611696,3.42742919922,28.938293457,30.6623174885
6223.41141295,3.42712402344,29.4227600098,30.6785718199
6225.41689205,3.43048095703,31.8870544434,30.6956489798
6227.42230296,3.4326171875,29.6516418457,30.7127893094
6229.42771792,3.42102050781,27.6718139648,30.7287556033
6231.43309593,3.43170166016,31.6429138184,30.7452762214
6233.43867588,3.42834472656,31.6543579102,30.7629078519
6235.44401097,3.42864990234,29.1137695312,30.7798329155
6237.44743299,3.43200683594,29.9949645996,30.7962801016
6239.454772,3.43353271484,33.4053039551,30.8139559116
6241.46037388,3.42956542969,27.9846191406,30.8310564317
6243.465801,3.43078613281,29.8728942871,30.8471715743
6245.47126985,3.43505859375,33.5464477539,30.8648362291
6247.47666097,3.43414306641,30.8570861816,30.8827743229
6249.48217607,3.43048095703,28.0723571777,30.8991887519
6251.48747897,3.43719482422,29.7088623047,30.9152816473
6253.49284697,3.43414306641,32.772064209,30.9326840432
6255.49833202,3.43353271484,31.6925048828,30.9506399779
6257.50376391,3.43353271484,28.736114502,30.9674712947
6259.50920296,3.43353271484,30.5404663086,30.9839817904
6261.51460791,3.43444824219,31.7230224609,31.0013239444
6263.51993203,3.43505859375,31.4903259277,31.0189299517
6265.52523303,3.43292236328,32.0091247559,31.0366154394
6267.53067684,3.43078613281,29.1748046875,31.0536572356
6269.53607798,3.43505859375,31.5361022949,31.0705669192
6271.541399,3.43780517578,32.4287414551,31.0883822034
6273.54692101,3.43231201172,29.9949645996,31.1057699974
6275.55230403,3.43078613281,28.1715393066,31.1219708472
6277.55760193,3.42926025391,30.0712585449,31.1381922584
6279.56292892,3.43231201172,29.5333862305,31.1547932032
6281.56840587,3.43719482422,32.096862793,31.1719595982
6283.57381392,3.43719482422,29.7775268555,31.1891934036
6285.57920098,3.43353271484,28.8047790527,31.2055100978
6287.58462596,3.43536376953,30.1094055176,31.2219195391
6289.59009099,3.43841552734,33.1993103027,31.2395533469
6291.59543705,3.43933105469,32.3715209961,31.2578161536
6293.60068488,3.43414306641,31.0897827148,31.2754905482
6295.60608006,3.43475341797,28.6750793457,31.2921366824
6297.61155391,3.4375,31.7916870117,31.3089789767
6299.61688805,3.43902587891,32.6843261719,31.3269367476
6301.62229991,3.44177246094,31.9328308105,31.3449345272
6303.62768102,3.43475341797,28.5987854004,31.3617941049
6305.63365197,3.44146728516,30.0674438477,31.3781389315
6307.63890505,3.43902587891,30.517578125,31.3950123068
6309.64433193,3.43383789062,28.923034668,31.4115683905
6311.64973187,3.43872070312,32.6232910156,31.4287107513
6313.65516806,3.44085693359,33.2374572754,31.4470551302
6315.66048789,3.43811035156,29.5524597168,31.4645431671
6317.66590095,3.43627929688,28.0799865723,31.4805955088
6319.67181087,3.43811035156,29.8690795898,31.4967400375
6321.67769599,3.44146728516,32.0358276367,31.5139864448
6323.68308592,3.44299316406,31.5208435059,31.5316886543
6325.68847585,3.43841552734,29.5181274414,31.5486896178
6327.69396591,3.43994140625,31.2652587891,31.5656202396
6329.69976306,3.43902587891,28.2135009766,31.5821900072
6331.70513797,3.4375,28.3088684082,31.5979328602
6333.71051288,3.44024658203,30.5290222168,31.6143206421
6335.715734,3.43841552734,29.6249389648,31.6310736968
6337.72119284,3.44268798828,32.5889587402,31.6484025038
6339.72697186,3.43841552734,27.6184082031,31.6651750974
6341.73237896,3.43994140625,30.0445556641,31.6812358914
6343.737782,3.4423828125,32.2647094727,31.6985907789
6345.74326992,3.44085693359,29.2778015137,31.7157328292
6347.74856186,3.43841552734,29.9263000488,31.7322219275
6349.75383592,3.44146728516,29.4418334961,31.7487565633
6351.75925088,3.43994140625,28.9497375488,31.7650203592
6353.76464701,3.43872070312,31.8298339844,31.7819491255
6355.77004886,3.44390869141,32.6156616211,31.7998990028
6357.7754209,3.44451904297,32.5508117676,31.8180494228
6359.78083587,3.44146728516,27.7214050293,31.8348370346
6361.78622985,3.44146728516,29.1748046875,31.8506841619
6363.79149103,3.43933105469,30.1055908203,31.8671942558
6365.79684401,3.44360351562,31.6619873047,31.8843978387
6367.802248,3.44757080078,32.585144043,31.9022924851
6369.80747199,3.44665527344,33.5311889648,31.9207061041
6371.81300592,3.44299316406,27.7252197266,31.937768855
6373.81835294,3.44451904297,30.0102233887,31.9538493547
6375.82249689,3.4423828125,28.1600952148,31.9700412565
6377.82912803,3.44299316406,33.016204834,31.987091016
6379.83455706,3.44055175781,29.9758911133,32.0046363184
6381.83995199,3.44482421875,27.5840759277,32.0206683277
6383.84527206,3.44299316406,29.3159484863,32.0365159334
6385.85074806,3.44604492188,31.8145751953,32.0535431275
6387.85609102,3.447265625,33.0009460449,32.0715955371
6389.86130095,3.44848632812,32.5508117676,32.089851792
6391.86666393,3.44635009766,32.5469970703,32.1079830054
