7386.67547488,3.51776123047,31.4865112305,40.6376095328
7388.68082404,3.52447509766,32.0129394531,40.6552954453
7390.68617296,3.52294921875,32.5813293457,40.6732862852
7392.69154596,3.52081298828,28.7971496582,40.6903816664
7394.69690585,3.52325439453,29.6630859375,40.7066641402
7396.70230985,3.52142333984,31.9671630859,40.7238299107
7398.70778799,3.52569580078,32.0625305176,40.7416646539
7400.7131989,3.52630615234,31.9442749023,40.7594924242
7402.71866798,3.52416992188,30.2772521973,40.7768234449
7404.72405601,3.52355957031,28.7818908691,40.7932729585
7406.72934699,3.53240966797,32.1807861328,40.8102518344
7408.7348299,3.52569580078,32.1197509766,40.8281620606
7410.74020696,3.52355957031,30.5519104004,40.8456176594
7412.74563098,3.52172851562,28.2363891602,40.86199203
7414.75097489,3.52569580078,30.2543640137,40.8782828739
7416.75648689,3.52416992188,31.5971374512,40.8955111972
7418.76178098,3.52722167969,30.1246643066,40.9127015256
7420.76706696,3.52630615234,30.1399230957,40.9294859328
7422.77243686,3.52844238281,32.8712463379,40.9470360304
7424.77801895,3.52966308594,31.3987731934,40.9649386416
7426.78342605,3.53302001953,33.390045166,40.982984191
7428.78877592,3.52783203125,29.369354248,41.0004639901
7430.79415083,3.52874755859,29.8080444336,41.0169463333
7432.79955697,3.52844238281,31.5017700195,41.0340228719
7434.8048389,3.52996826172,30.3039550781,41.0512364696
7436.81022096,3.53057861328,29.3655395508,41.0678559327
7438.81560588,3.54064941406,32.2036743164,41.0850045401
7440.82108593,3.53302001953,32.0243835449,41.1028945524
7442.82656789,3.52630615234,31.6123962402,41.1206198876
7444.83283591,3.52630615234,31.5475463867,41.1382193006
7446.83864784,3.53332519531,31.7611694336,41.1558561586
7448.84450603,3.53240966797,29.3846130371,41.1728908486
7450.85067296,3.53363037109,32.0892333984,41.1900195706
7452.85658884,3.53271484375,29.0184020996,41.2070441228
7454.86271906,3.53607177734,31.9023132324,41.2240184128
7456.86889291,3.53424072266,31.4292907715,41.2416648306
7458.87508488,3.53454589844,28.8963317871,41.2584738277
7460.88091397,3.53607177734,30.0216674805,41.2748876385
7462.88572788,3.53576660156,31.8145751953,41.2921057162
7464.89268899,3.53576660156,29.0756225586,41.3090785299
7466.89871788,3.54064941406,33.3213806152,41.3264632786
7468.90440702,3.53942871094,32.4859619141,41.3447950943
7470.91038299,3.53332519531,29.3464660645,41.3620220893
7472.91605091,3.53637695312,29.5181274414,41.3784197042
7474.92339993,3.53637695312,29.1404724121,41.3947736323
7476.9288919,3.53240966797,28.0418395996,41.410701225
7478.93431592,3.54034423828,30.2276611328,41.426931094
7480.93985796,3.53607177734,30.5404663086,41.4438579043
7482.94524693,3.54309082031,31.8260192871,41.4612286075
7484.95069003,3.54370117188,31.4064025879,41.4788409719
7486.95601487,3.53942871094,28.0075073242,41.495388776
7488.96132684,3.544921875,32.2341918945,41.512167026
7490.96669388,3.54339599609,32.6232910156,41.5302313397
7492.97211194,3.54248046875,29.670715332,41.5475821071
7494.97757101,3.54370117188,27.8625488281,41.5636071914
7496.98306203,3.54187011719,28.4233093262,41.5792850779
7498.98846102,3.54919433594,29.9758911133,41.5955508692
7500.99377203,3.54858398438,32.9704284668,41.6130823897
7502.999084,3.54278564453,31.4598083496,41.6310272126
7505.00452089,3.54644775391,29.0107727051,41.6478702591
7507.00994301,3.54644775391,28.7895202637,41.6639694238
7509.01533389,3.55194091797,29.5906066895,41.6802298369
7511.02072501,3.55255126953,32.1044921875,41.6974135596
7513.02622986,3.55712890625,32.6042175293,41.715437675
7515.03151894,3.5498046875,30.6167602539,41.7330454995
7517.03766584,3.55407714844,29.1900634766,41.7497095654
7519.04396391,3.55133056641,30.3230285645,41.7662930378
7521.04987597,3.55255126953,29.9911499023,41.7830965014
7523.05583096,3.55926513672,31.4865112305,41.8002244765
7525.06174302,3.55194091797,28.5530090332,41.8169514207
7527.06770492,3.55865478516,32.0129394531,41.8338254464
7529.07515693,3.56140136719,29.7546386719,41.8510470365
7531.08134985,3.56170654297,32.2227478027,41.8683162857
7533.08738399,3.55712890625,28.1181335449,41.8851282118
7535.09354997,3.55773925781,30.7960510254,41.9015437163
7537.09967303,3.56475830078,33.4358215332,41.9194405276
7539.10564899,3.56384277344,28.9611816406,41.9368248177
7541.11211991,3.56323242188,28.5682678223,41.9528569242
7543.11810803,3.56567382812,31.9290161133,41.9697120399
7545.12418103,3.56689453125,29.239654541,41.9867549314
7547.12972593,3.56658935547,28.5835266113,42.0028614572
7549.13505602,3.57299804688,31.7153930664,42.0196557958
7551.14047003,3.57025146484,31.25,42.0371935293
7553.14685702,3.57421875,31.307220459,42.0546260284
7555.15387702,3.56750488281,30.3039550781,42.0718003147
7557.159724,3.57696533203,33.1573486328,42.0894799903
7559.16573,3.57299804688,27.7366638184,42.1064457895
7561.1718719,3.58184814453,31.9557189941,42.1230779271
7563.17780995,3.57849121094,29.3655395508,42.1401621835
7565.18376398,3.58154296875,32.413482666,42.157374111
7567.18975401,3.58093261719,28.5606384277,42.1743620942
7569.19635987,3.58489990234,30.2772521973,42.1907599354
7571.202425,3.59069824219,30.1628112793,42.2075997553
7573.20840192,3.58917236328,30.5786132812,42.2245227964
7575.21433687,3.59161376953,30.330657959,42.2414922459
7577.22088504,3.59130859375,28.1257629395,42.2577833048
7579.22702694,3.5986328125,31.2004089355,42.2743134047
7581.23296499,3.59893798828,29.655456543,42.2912680014
7583.23912001,3.60076904297,27.9960632324,42.3073315966
