4011.30241084,3.49578857422,29.3998718262,36.5900248665
4013.30773401,3.49548339844,31.8565368652,36.6070858242
4015.31320691,3.49670410156,31.5780639648,36.6247547649
4017.31859899,3.49182128906,28.2897949219,36.6414295607
4019.32415199,3.4912109375,31.25,36.6580143127
4021.32952285,3.49761962891,32.1388244629,36.6756696045
4023.33498001,3.49426269531,29.0412902832,36.6927104517
4025.34041405,3.49273681641,32.527923584,36.7098594791
4027.34575701,3.49517822266,29.5677185059,36.7271543483
4029.35116291,3.48907470703,29.5677185059,36.7436252587
4031.35673594,3.49884033203,32.398223877,36.7608859841
4033.36223006,3.49578857422,30.0979614258,36.7782937246
4035.36767387,3.49761962891,29.3655395508,36.7948563233
4037.37325191,3.49945068359,31.2614440918,36.8117441215
4039.37864304,3.49945068359,32.4287414551,36.8294835288
4041.38393402,3.49731445312,30.5976867676,36.8470371855
4043.38937902,3.50128173828,33.0467224121,36.8647643192
4045.39484191,3.49761962891,30.3535461426,36.8824236088
4047.40023088,3.49761962891,29.9911499023,36.8992311905
4049.40574288,3.49945068359,33.3251953125,36.9168675363
4051.41117406,3.49853515625,28.9192199707,36.9342046045
4053.41647792,3.49914550781,31.8069458008,36.9511177177
4055.42199397,3.49548339844,31.063079834,36.9686297795
4057.42743802,3.49761962891,29.5753479004,36.9855196371
4059.43290305,3.50219726562,32.2418212891,37.0027379942
4061.43844295,3.50250244141,31.177520752,37.0204032748
4063.44394302,3.49853515625,29.0985107422,37.0371926617
4065.44930196,3.50250244141,32.600402832,37.0543771711
4067.45470405,3.49945068359,31.5093994141,37.0722335504
4069.46009493,3.49822998047,28.5682678223,37.0889667735
4071.46558595,3.50158691406,32.283782959,37.1059165292
4073.47109604,3.50250244141,31.6123962402,37.1237143671
4075.47652292,3.49548339844,29.0794372559,37.1406189552
4077.48204088,3.50036621094,30.6510925293,37.1572565455
4079.48748589,3.50341796875,33.2984924316,37.175068681
4081.49277496,3.50036621094,28.5377502441,37.1922908396
4083.49820185,3.50311279297,30.9181213379,37.2088511734
4085.50493789,3.49853515625,28.5873413086,37.2254361396
4087.51032686,3.50494384766,32.6347351074,37.2424880947
4089.51578403,3.50158691406,30.7083129883,37.260131396
4091.52123284,3.49914550781,29.0565490723,37.2767779755
4093.52658701,3.50311279297,31.6963195801,37.2936989502
4095.53190804,3.49945068359,30.143737793,37.3109224457
4097.53753996,3.49914550781,28.2096862793,37.3271773749
4099.54318094,3.50158691406,28.3508300781,37.3429329429
4101.54856801,3.50494384766,31.3758850098,37.3595683849
4103.55412483,3.50494384766,31.9671630859,37.3772125629
4105.55954599,3.50616455078,31.5208435059,37.3948959229
4107.56492996,3.50311279297,29.0260314941,37.4117597747
4109.57038403,3.50616455078,32.6919555664,37.4289504119
4111.57582402,3.50372314453,31.7726135254,37.4469059432
4113.5812819,3.50311279297,28.7437438965,37.4637619162
4115.58679295,3.50463867188,29.5448303223,37.4799978022
4117.592345,3.50769042969,30.2963256836,37.4966664902
4119.59782195,3.50524902344,32.0053100586,37.5140198922
4121.60335588,3.505859375,32.0434570312,37.5318604444
4123.60865688,3.50250244141,28.4042358398,37.5486959748
4125.61412692,3.50738525391,32.413482666,37.5656359904
4127.61965704,3.50769042969,32.6309204102,37.5837538389
4129.62501407,3.50524902344,29.296875,37.6010020805
4131.63046694,3.50280761719,31.5361022949,37.6179462012
4133.63599706,3.50738525391,31.4178466797,37.6354817624
4135.64146686,3.50463867188,31.2004089355,37.6529232931
4137.64674997,3.50708007812,29.109954834,37.6697204256
4139.65244699,3.50555419922,29.2701721191,37.6859833209
4141.65796399,3.51470947266,31.6505432129,37.7029524224
4143.6633749,3.50799560547,32.5622558594,37.7208375679
4145.66884804,3.505859375,28.694152832,37.7378998015
4147.67426205,3.51745605469,31.4865112305,37.7546619052
4149.67961407,3.50891113281,30.2124023438,37.7718463554
4151.68504095,3.50769042969,29.5867919922,37.7885023154
4153.6904819,3.51013183594,31.6848754883,37.8055685252
4155.69582295,3.51379394531,31.1012268066,37.8230556848
4157.70218706,3.50677490234,28.7818908691,37.839742815
4159.70769691,3.50952148438,28.9764404297,37.8558309959
4161.71304584,3.51043701172,33.3442687988,37.8731886025
4163.718606,3.50891113281,30.1284790039,37.8908689378
4165.72388887,3.50341796875,29.5791625977,37.9074982032
4167.72930503,3.51135253906,32.7262878418,37.9248521417
4169.73474288,3.50708007812,29.2701721191,37.9421202038
4171.74021888,3.51135253906,29.2434692383,37.958418496
4173.74599004,3.50982666016,29.2892456055,37.9747245003
4175.75193191,3.51196289062,30.4336547852,37.9913634818
4177.75732994,3.50921630859,29.4456481934,38.0080415146
4179.76271105,3.51348876953,32.4783325195,38.0252889009
4181.76816106,3.51196289062,31.1508178711,38.0430118287
4183.77356601,3.51165771484,27.4848937988,38.0593435435
4185.77908802,3.51135253906,30.3344726562,38.0754488229
4187.78456306,3.51470947266,31.8717956543,38.092775645
4189.79000998,3.51135253906,31.4559936523,38.110414606
4191.79534197,3.51837158203,29.7050476074,38.1274490772
4193.80074,3.51409912109,32.6805114746,38.1448251713
4195.80618691,3.50372314453,29.4151306152,38.1621209371
4197.81159306,3.51593017578,30.5252075195,38.1788160374
4199.81713605,3.51440429688,31.8946838379,38.1962029507
4201.82261491,3.515625,32.7453613281,38.2142077068
4203.82802606,3.51043701172,28.4423828125,38.231250288
4205.83347201,3.51623535156,30.876159668,38.2477725284
4207.83875394,3.51318359375,31.1088562012,38.2650360606
