1231.55643702,3.59283447266,20.7023620605,40.2934782499
1233.56188893,3.59466552734,20.7786560059,40.3050321648
1235.56736898,3.59924316406,21.8544006348,40.3169071293
1237.572752,3.5986328125,20.3170776367,40.328652958
1239.57832193,3.59954833984,20.1454162598,40.3399238415
1241.58366203,3.60290527344,21.8467712402,40.3516194828
1243.588902,3.59832763672,20.694732666,40.3634675277
1245.59441304,3.60534667969,20.5879211426,40.3749665303
1247.59986997,3.60595703125,19.6914672852,40.3861857773
1249.60538602,3.60809326172,20.3247070312,40.3973320384
1251.61088085,3.61175537109,21.3928222656,40.4089520786
1253.61629701,3.61297607422,20.0080871582,40.4204834748
1255.62162304,3.6181640625,21.4767456055,40.4320377269
1257.62699604,3.61724853516,20.0996398926,40.4436177492
1259.63239384,3.61907958984,19.8669433594,40.4547495406
1261.63785291,3.62182617188,20.7710266113,40.4660686775
1263.64328289,3.62396240234,19.7525024414,40.4773557747
1265.6486659,3.62701416016,20.6489562988,40.4886086079
1267.65405297,3.62854003906,20.6184387207,40.5001026497
1269.65957093,3.63586425781,20.0004577637,40.5114168061
1271.66485786,3.63586425781,20.6527709961,40.5227392212
1273.67025685,3.63677978516,19.5770263672,40.5339443316
1275.67579794,3.64349365234,21.0952758789,40.5452734945
1277.68131995,3.64501953125,21.5110778809,40.5571412696
1279.68677402,3.65142822266,20.6031799316,40.5688715764
1281.69221807,3.65264892578,20.5192565918,40.5803255689
1283.69764185,3.65692138672,20.5574035645,40.5917666954
1285.702878,3.65692138672,20.7328796387,40.6032662466
1287.70843196,3.66302490234,21.7247009277,40.6150927701
1289.71381307,3.66577148438,19.6533203125,40.6266175898
1291.7192049,3.67370605469,20.7977294922,40.6378842849
1293.72576404,3.67797851562,21.6941833496,40.6497263038
1295.73122191,3.68103027344,19.9775695801,40.6613333795
1297.73664999,3.68621826172,20.9083557129,40.6727214049
1299.74204206,3.68896484375,20.622253418,40.6842887874
1301.74750304,3.69506835938,20.1683044434,40.6956504363
1303.75285697,3.70269775391,21.858215332,40.7073557206
1305.75846291,3.70666503906,20.2713012695,40.7190911662
1307.76386595,3.71215820312,20.4849243164,40.7304429244
1309.76918983,3.7158203125,20.7595825195,40.7419302292
1311.77467895,3.72497558594,19.6723937988,40.7531921581
1313.77989507,3.73382568359,20.9693908691,40.7645109861
1315.78530097,3.73901367188,19.7944641113,40.7758648855
1317.79077005,3.74176025391,21.7704772949,40.7874422751
1319.79622602,3.75305175781,19.4091796875,40.7989122736
1321.80159783,3.76190185547,20.7633972168,40.8101012948
1323.80707002,3.77075195312,20.622253418,40.821628763
1325.81240392,3.77868652344,21.1448669434,40.8332616828
1327.817693,3.78784179688,19.4778442383,40.8445756105
1329.82320905,3.80523681641,20.4048156738,40.8556846819
1331.82861495,3.81042480469,20.9770202637,40.8672107067
1333.83394384,3.81652832031,20.7977294922,40.8788457223
1335.83940887,3.83117675781,21.556854248,40.890643033
1337.84482884,3.84033203125,19.4931030273,40.9020767002
1339.85018086,3.85406494141,21.4500427246,40.9134802308
1341.85565901,3.86871337891,19.3939208984,40.9248568525
1343.86114788,3.87878417969,20.7481384277,40.9360380265
1345.86659288,3.89221191406,20.824432373,40.9476174022
1347.87235689,3.90411376953,20.1072692871,40.9590200874
1349.87775397,3.92272949219,20.2941894531,40.9702729996
1351.88333797,3.93310546875,21.4424133301,40.9818988694
1353.88874888,3.94592285156,20.0462341309,40.9934546731
1355.89410186,3.96209716797,21.0914611816,41.0049123952
1357.89948893,3.97491455078,20.6146240234,41.0165286235
1359.90508795,3.99261474609,20.7176208496,41.0280419444
1361.91062903,4.00970458984,20.9121704102,41.0396378134
1363.91602993,4.02160644531,20.5497741699,41.0511861218
1365.92178988,4.03991699219,20.0843811035,41.0625058942
1367.9271729,3.98895263672,0.583648681641,41.0682624659
1369.93247199,3.91387939453,0.507354736328,41.0685663253
1371.93797493,3.86749267578,0.606536865234,41.068876591
1373.94339705,3.82751464844,0.637054443359,41.0692229696
1375.94885993,3.79852294922,0.560760498047,41.0695566048
1377.95437789,3.76953125,0.564575195312,41.0698700605
1379.95983505,3.75366210938,0.587463378906,41.0701909443
1381.96525288,3.73229980469,0.545501708984,41.0705065094
1383.97070003,3.72406005859,0.602722167969,41.0708263292
1385.97606707,3.71154785156,0.518798828125,41.0711386988
1387.98158002,3.70330810547,0.526428222656,41.0714298399
1389.98704696,3.69262695312,0.576019287109,41.0717369124
1391.99249792,3.68560791016,0.682830810547,41.0720875461
1393.99799895,3.67950439453,0.556945800781,41.0724328757
1396.00341105,3.67645263672,0.534057617188,41.0727367523
1398.00900197,3.66790771484,0.576019287109,41.073045969
1400.01447701,3.66363525391,0.564575195312,41.0733636681
1402.020298,3.65783691406,0.579833984375,41.0736824848
1404.0258069,3.65325927734,0.576019287109,41.0740044395
1406.03149104,3.65661621094,0.652313232422,41.0743466127
1408.03695393,3.64501953125,0.564575195312,41.0746855606
1410.04231191,3.642578125,0.499725341797,41.0749819916
1412.04756594,3.63800048828,0.568389892578,41.0752794697
1414.05307794,3.63616943359,0.579833984375,41.0755992998
1416.05843091,3.63189697266,0.579833984375,41.075922292
1418.06387401,3.62823486328,0.579833984375,41.0762452987
1420.06936288,3.62487792969,0.560760498047,41.076563
1422.07484603,3.62274169922,0.541687011719,41.076870075
1424.08018804,3.61846923828,0.591278076172,41.0771856281
1426.08561206,3.61724853516,0.576019287109,41.0775107567
1428.09109497,3.61755371094,0.438690185547,41.0777933932
