5996.79513192,3.34838867188,31.9709777832,28.7320002141
5998.80034804,3.34899902344,27.946472168,28.7486873581
6000.80563283,3.35174560547,29.8919677734,28.7647960447
6002.81111002,3.35601806641,32.1006774902,28.782063383
6004.81645989,3.359375,29.3579101562,28.799180879
6006.82019591,3.36212158203,32.283782959,28.8163355569
6008.82728291,3.36181640625,29.1633605957,28.8334646906
6010.83270693,3.36608886719,31.3529968262,28.850320379
6012.83806896,3.36608886719,30.086517334,28.8674326664
6014.84335494,3.37188720703,32.527923584,28.8848715359
6016.84906006,3.37158203125,31.3606262207,28.9026689791
6018.854635,3.37554931641,32.8330993652,28.9205502746
6020.85999393,3.37341308594,30.2429199219,28.9381183383
6022.86541986,3.37951660156,33.0467224121,28.9557464897
6024.87076902,3.38012695312,30.8685302734,28.9735482117
6026.87619495,3.37127685547,29.2549133301,28.9902944774
6028.88144493,3.38409423828,31.0478210449,29.0070892075
6030.88682294,3.38287353516,29.9453735352,29.0240773201
6032.89218998,3.38531494141,29.956817627,29.0407614701
6034.89768004,3.38470458984,30.8418273926,29.0576963421
6036.90306306,3.388671875,33.0085754395,29.0754803023
6038.90875292,3.38928222656,31.3949584961,29.0934210682
6040.91411591,3.39141845703,33.4739685059,29.1114885329
6042.91947603,3.39385986328,29.8614501953,29.1291288555
6044.9248929,3.39141845703,29.1557312012,29.1455669182
6046.93030787,3.39233398438,28.6979675293,29.1616809006
6048.93566704,3.39385986328,30.2467346191,29.1780983032
6050.94107199,3.39813232422,33.5693359375,29.1958728954
6052.94677305,3.39263916016,28.3203125,29.2131134695
6054.95206404,3.39935302734,31.6352844238,29.2298118609
6056.95729995,3.3984375,32.527923584,29.2476816344
6058.96282887,3.40179443359,33.5731506348,29.2660938033
6060.9681859,3.4033203125,32.9360961914,29.2846180791
6062.973526,3.40454101562,31.307220459,29.3025110928
6064.97893405,3.40209960938,30.4183959961,29.3197034606
6066.98435903,3.39996337891,31.6352844238,29.3369873496
6068.98974586,3.4033203125,31.2881469727,29.354513158
6070.99503088,3.40545654297,30.3039550781,29.3716672858
6073.00041604,3.40301513672,29.5867919922,29.388348399
6075.00579906,3.40301513672,29.6516418457,29.4048478086
6077.01119494,3.40545654297,31.0134887695,29.421744698
6079.01673484,3.41094970703,33.9469909668,29.4398392582
6081.02212501,3.40545654297,32.0091247559,29.4582097785
6083.02752399,3.41156005859,32.8102111816,29.476263755
6085.03278804,3.41186523438,33.6303710938,29.4947680481
6087.03821206,3.41003417969,33.275604248,29.513403444
6089.04388785,3.40728759766,29.0184020996,29.5307564413
6091.04934406,3.41278076172,29.9224853516,29.5471735759
6093.05472803,3.41003417969,31.4598083496,29.564270113
6095.06009984,3.40728759766,32.4325561523,29.5820656612
6097.06546497,3.41522216797,34.0042114258,29.6005698247
6099.07082891,3.41247558594,32.5126647949,29.6190962893
6101.07623696,3.41278076172,31.9862365723,29.637061097
6103.08169794,3.41278076172,30.689239502,29.6545184889
6105.08751893,3.4130859375,32.3333740234,29.6720757224
6107.093014,3.41613769531,32.8254699707,29.6902251308
6109.09845805,3.41186523438,29.6897888184,29.7076377494
6111.10374999,3.41369628906,28.491973877,29.7238421132
6113.10902095,3.41400146484,29.4380187988,29.7399761871
6115.11448884,3.41461181641,29.1519165039,29.756295664
6117.11950898,3.41552734375,29.5906066895,29.7726539893
6119.12521291,3.41735839844,31.6429138184,29.7897118105
6121.13066602,3.41033935547,30.9219360352,29.8071383206
6123.13612485,3.41552734375,28.491973877,29.8236872304
6125.14191198,3.41735839844,30.3573608398,29.8400815691
6127.14719796,3.41796875,31.1012268066,29.8571985196
6129.1527369,3.41796875,28.678894043,29.8738500974
6131.15818596,3.41766357422,31.7420959473,29.8906794332
6133.16359687,3.42132568359,32.6461791992,29.9086134539
6135.16901684,3.41674804688,29.8194885254,29.9260120508
6137.17444491,3.42071533203,29.8957824707,29.9426446454
6139.17998385,3.42224121094,33.2107543945,29.9602227867
6141.18526697,3.42163085938,32.2608947754,29.9784573968
6143.19067693,3.41735839844,29.3846130371,29.9956274683
6145.19604087,3.41827392578,28.6827087402,30.0118005396
6147.20153999,3.42224121094,32.585144043,30.028866182
6149.20688796,3.41949462891,32.3677062988,30.0469568856
6151.21231389,3.42071533203,29.5143127441,30.0641929697
6153.217659,3.41979980469,28.3317565918,30.0803042659
6155.22302794,3.4228515625,30.9448242188,30.0968141845
6157.22842789,3.42407226562,32.7110290527,30.1145441074
6159.23381591,3.43292236328,30.6282043457,30.1321857379
6161.23966002,3.42346191406,32.6728820801,30.1498207535
6163.24514294,3.42041015625,27.6832580566,30.1666323101
6165.25046396,3.4228515625,28.4805297852,30.1822748691
6167.25576997,3.42224121094,30.9867858887,30.198837392
6169.26110888,3.42559814453,32.4668884277,30.2165104645
6171.26659489,3.42803955078,30.5404663086,30.2340605157
6173.27197599,3.42224121094,28.0685424805,30.2503845989
6175.27733302,3.42559814453,30.7159423828,30.26675736
6177.28278995,3.42926025391,34.0957641602,30.284809733
6179.28818393,3.42559814453,30.9143066406,30.3029167892
6181.29348207,3.42193603516,28.3393859863,30.3194197502
6183.29884386,3.42193603516,29.1290283203,30.335425995
6185.30422688,3.42498779297,31.3873291016,30.3522813388
6187.30989003,3.42651367188,30.2543640137,30.3694525156
6189.31527305,3.42437744141,29.0985107422,30.3859837999
6191.31943989,3.43017578125,30.6549072266,30.4026165525
6193.32597184,3.42529296875,32.9246520996,30.4203352216
