3614.17737484,3.36975097656,0.419616699219,33.6967215216
3616.18271685,3.36456298828,0.423431396484,33.6969563272
3618.18815398,3.36669921875,0.446319580078,33.6971985815
3620.19373202,3.36639404297,0.457763671875,33.6974504161
3622.19899607,3.36730957031,0.442504882812,33.6977011489
3624.20437002,3.36791992188,0.431060791016,33.6979444581
3626.20997,3.36700439453,0.431060791016,33.6981846068
3628.21533203,3.36669921875,0.408172607422,33.6984183522
3630.22073793,3.36700439453,0.453948974609,33.6986584777
3632.22630906,3.36700439453,0.434875488281,33.6989060611
3634.23163891,3.36547851562,0.514984130859,33.6991706142
3636.23697186,3.36700439453,0.434875488281,33.6994351676
3638.24258685,3.36486816406,0.469207763672,33.6996870069
3640.24819303,3.36700439453,0.453948974609,33.6999441581
3642.25361586,3.36730957031,0.469207763672,33.7002012859
3644.25914788,3.36578369141,0.358581542969,33.7004318634
3646.26450491,3.36730957031,0.404357910156,33.7006443586
3648.26998305,3.37249755859,0.484466552734,33.7008919306
3650.27534699,3.36730957031,0.461578369141,33.7011554256
3652.28078699,3.36761474609,0.434875488281,33.7014051179
3654.286201,3.36730957031,0.461578369141,33.701654807
3656.29169488,3.36730957031,0.457763671875,33.7019108812
3658.29721904,3.36395263672,0.457763671875,33.7021658968
3660.30263495,3.36730957031,0.450134277344,33.7024187736
3662.30810499,3.36822509766,0.457763671875,33.7026716573
3664.31345987,3.36730957031,0.442504882812,33.7029224014
3666.31893206,3.36761474609,0.431060791016,33.7031657225
3668.32447696,3.3740234375,0.438690185547,33.7034079898
3670.329983,3.36761474609,0.480651855469,33.7036640656
3672.33546185,3.36853027344,0.377655029297,33.7039031373
3674.34098887,3.36853027344,0.431060791016,33.7041284014
3676.34641695,3.42102050781,32.299041748,33.7132447718
3678.35175896,3.42987060547,33.0963134766,33.731458668
3680.35725498,3.42864990234,28.148651123,33.7485179087
3682.36268902,3.43536376953,32.4096679688,33.765385369
3684.36828303,3.43322753906,29.4189453125,33.7826080214
3686.37379885,3.44329833984,33.5464477539,33.8001466452
3688.37924385,3.44116210938,29.182434082,33.8176187733
3690.38455892,3.44085693359,32.9551696777,33.834925089
3692.38990688,3.44482421875,30.2886962891,33.8525398054
3694.39537787,3.45001220703,32.4363708496,33.8700110974
3696.40069795,3.44635009766,29.670715332,33.8873089567
3698.40621495,3.44757080078,31.9900512695,33.904484195
3700.41166997,3.44421386719,29.4151306152,33.9215877131
3702.41711593,3.44818115234,29.109954834,33.9378889486
3704.42259097,3.4521484375,32.6309204102,33.9550861409
3706.42785287,3.44909667969,29.296875,33.9723335643
3708.43323398,3.45123291016,30.345916748,33.9889455821
3710.43870902,3.46740722656,33.0657958984,34.0066081664
3712.44409299,3.45306396484,30.1399230957,34.0242125742
3714.44955397,3.45245361328,28.9421081543,34.0406690614
3716.45503402,3.45489501953,30.0216674805,34.0570927664
3718.46039486,3.45794677734,32.9475402832,34.0746310974
3720.46568084,3.45062255859,29.9034118652,34.0921358381
3722.47119188,3.45672607422,29.6630859375,34.1087276811
3724.4765799,3.45489501953,28.7399291992,34.1249944459
3726.48194695,3.45977783203,30.6091308594,34.141524536
3728.48743701,3.46862792969,30.632019043,34.1585826635
3730.49281883,3.45733642578,32.9895019531,34.1763028637
3732.49827099,3.45611572266,30.5709838867,34.194006685
3734.50359583,3.46343994141,32.0167541504,34.2114384553
3736.50898385,3.46282958984,33.7905883789,34.2297675187
3738.51442385,3.46588134766,33.7028503418,34.2485666911
3740.51994896,3.46343994141,32.169342041,34.2669150711
3742.52534199,3.46588134766,33.2298278809,34.2851304933
3744.53084397,3.46496582031,31.3186645508,34.3031099557
3746.53536296,3.46954345703,32.8178405762,34.320965906
3748.54150486,3.46618652344,32.8674316406,34.3392678473
3750.54698086,3.46618652344,33.7715148926,34.3578293484
3752.55250502,3.46282958984,28.1715393066,34.3750832777
3754.557868,3.46466064453,29.2015075684,34.3910629701
3756.56333089,3.46252441406,28.1600952148,34.4070402708
3758.56879091,3.46710205078,31.551361084,34.4236720678
3760.57412601,3.46588134766,31.2843322754,34.4411729874
3762.57943106,3.46771240234,32.1731567383,34.458846824
3764.58494186,3.47229003906,33.0429077148,34.4770123132
3766.59059191,3.46649169922,28.4004211426,34.4941281208
3768.59597898,3.46771240234,29.5715332031,34.5102748163
3770.60154295,3.46984863281,32.4478149414,34.52755034
3772.60698104,3.47290039062,29.2091369629,34.54472384
3774.61231399,3.46832275391,28.5835266113,34.5608201639
3776.61770487,3.46893310547,30.7922363281,34.577357888
3778.62310505,3.47259521484,33.0429077148,34.5951377504
3780.62848687,3.46832275391,31.5170288086,34.6131193231
3782.63396001,3.46923828125,28.5263061523,34.6298436697
3784.63973093,3.47198486328,30.9677124023,34.6464174714
3786.64548802,3.47473144531,32.5927734375,34.6641239846
3788.65095091,3.47290039062,30.9944152832,34.6818353384
3790.65618992,3.4765625,30.6358337402,34.6989996966
3792.66161084,3.46893310547,28.133392334,34.7153687294
3794.66711402,3.47503662109,32.5775146484,34.7322792734
3796.67170596,3.47229003906,30.5976867676,34.7498682317
3798.67798305,3.47198486328,29.5181274414,34.7666194789
3800.68362689,3.47442626953,32.1922302246,34.7838096177
3802.68991494,3.47259521484,29.727935791,34.8010637412
3804.69563985,3.47564697266,30.8647155762,34.817943212
3806.70124793,3.4765625,32.0777893066,34.8354762671
3808.70878506,3.47198486328,29.6401977539,34.8526847602
3810.7167809,3.47595214844,32.1006774902,34.8699035687
