3018.52212286,3.39233398438,0.499725341797,35.2350763728
3020.527457,3.38928222656,0.522613525391,35.2353611132
3022.53290701,3.38928222656,0.518798828125,35.2356511827
3024.53836298,3.38806152344,0.617980957031,35.2359678163
3026.54425192,3.38775634766,0.534057617188,35.2362887692
3028.54967499,3.38775634766,0.522613525391,35.2365830849
3030.55520701,3.38684082031,0.522613525391,35.2368742288
3032.56061387,3.38653564453,0.522613525391,35.2371653546
3034.56600785,3.38958740234,0.499725341797,35.2374501035
3036.57146001,3.38653564453,0.541687011719,35.2377401733
3038.57676387,3.38592529297,0.518798828125,35.2380355339
3040.58221889,3.38470458984,0.476837158203,35.2383128538
3042.58771992,3.38592529297,0.507354736328,35.2385869924
3044.59313393,3.38623046875,0.541687011719,35.2388791817
3046.59857702,3.39050292969,0.48828125,35.2391660626
3048.60408592,3.38470458984,0.537872314453,35.2394518904
3050.60942101,3.38165283203,0.556945800781,35.2397568178
3052.61468601,3.38562011719,0.526428222656,35.2400585473
3054.62020898,3.38409423828,0.553131103516,35.240359253
3056.62563705,3.38714599609,0.507354736328,35.2406546319
3058.63103294,3.38409423828,0.553131103516,35.240950006
3060.63649797,3.3837890625,0.537872314453,35.2412538906
3062.6423099,3.38317871094,0.526428222656,35.2415503888
3064.64765406,3.38348388672,0.518798828125,35.2418415055
3066.65296984,3.3837890625,0.518798828125,35.2421304931
3068.65843701,3.38317871094,0.518798828125,35.2424195025
3070.66399193,3.38165283203,0.530242919922,35.2427117124
3072.66953802,3.38256835938,0.495910644531,35.2429975455
3074.67498684,3.38256835938,0.541687011719,35.2432865523
3076.68039489,3.38226318359,0.598907470703,35.2436042408
3078.6859529,3.38256835938,0.522613525391,35.2439166402
3080.69121385,3.38317871094,0.530242919922,35.2442098696
3082.69669104,3.38256835938,0.553131103516,35.244511631
3084.70219183,3.38195800781,0.54931640625,35.2448187087
3086.70761299,3.38165283203,0.507354736328,35.245113024
3088.71300507,3.38165283203,0.518798828125,35.2453988352
3090.719383,3.38439941406,0.541687011719,35.245694354
3092.72467399,3.38195800781,0.556945800781,35.2460003371
3094.73035789,3.38104248047,0.530242919922,35.2463031922
3096.73611093,3.38989257812,0.484466552734,35.2465858667
3098.74249697,3.38104248047,0.526428222656,35.2468675675
3100.74787283,3.38073730469,0.511169433594,35.2471565638
3102.75340605,3.38073730469,0.545501708984,35.2474508956
3104.75887895,3.38073730469,0.492095947266,35.2477399058
3106.76419997,3.37951660156,0.511169433594,35.2480193321
3108.76959586,3.38073730469,0.572204589844,35.2483210813
3110.77500606,3.38012695312,0.572204589844,35.2486398326
3112.78049397,3.37982177734,0.621795654297,35.2489724094
3114.7860589,3.38043212891,0.511169433594,35.2492879976
3116.79151702,3.38012695312,0.553131103516,35.2495844435
3118.797019,3.37982177734,0.564575195312,35.2498957716
3120.80355406,3.38043212891,0.537872314453,35.2502030076
3122.80947089,3.38043212891,0.587463378906,35.2505165257
3124.81521797,3.37890625,0.499725341797,35.2508193903
3126.82112002,3.38012695312,0.526428222656,35.2511052742
3128.82677102,3.37799072266,0.507354736328,35.2513932475
3130.83271885,3.38012695312,0.545501708984,35.2516865773
3132.83849597,3.38012695312,0.484466552734,35.2519735061
3134.84479189,3.37951660156,0.511169433594,35.2522509422
3136.85016298,3.37951660156,0.545501708984,35.2525452502
3138.85573387,3.37951660156,0.514984130859,35.2528406502
3140.86111784,3.37982177734,0.534057617188,35.2531328351
3142.866642,3.37860107422,0.545501708984,35.253433541
3144.87218404,3.37951660156,0.534057617188,35.2537342495
3146.87777305,3.37921142578,0.514984130859,35.2540264644
3148.88319588,3.37127685547,0.507354736328,35.2543112174
3150.88866591,3.37921142578,0.545501708984,35.2546044774
3152.89407086,3.37982177734,0.511169433594,35.2548987904
3154.89949584,3.37799072266,0.537872314453,35.2551909813
3156.90506697,3.38012695312,0.534057617188,35.255489569
3158.91046,3.37524414062,0.526428222656,35.2557849427
3160.91600704,3.37921142578,0.545501708984,35.2560835269
3162.921556,3.37860107422,0.553131103516,35.2563895494
3164.92686987,3.38226318359,0.522613525391,35.2566891613
3166.93237996,3.37951660156,0.568389892578,35.2569930527
3168.93794394,3.37951660156,0.495910644531,35.2572895142
3170.94492698,3.37890625,0.514984130859,35.2575712988
3172.95041084,3.38134765625,0.541687011719,35.2578656233
3174.95587087,3.37921142578,0.537872314453,35.2581663196
3176.96141696,3.37982177734,0.492095947266,35.2584532153
3178.96681905,3.37921142578,0.518798828125,35.2587347778
3180.97227883,3.37890625,0.514984130859,35.2590227237
3182.97780991,3.37829589844,0.537872314453,35.2593159926
3184.9833169,3.37768554688,0.48828125,35.2596018201
3186.9889369,3.37890625,0.526428222656,35.2598844759
3188.99433899,3.37829589844,0.522613525391,35.2601766635
3190.99960184,3.37707519531,0.495910644531,35.2604603314
3193.00504899,3.38043212891,0.526428222656,35.2607450878
3195.01043487,3.37829589844,0.522613525391,35.261037273
3197.01586795,3.37768554688,0.522613525391,35.2613284026
3199.02186084,3.37738037109,0.572204589844,35.26163343
3201.02753592,3.37799072266,0.499725341797,35.2619320332
3203.03340197,3.37738037109,0.499725341797,35.2622104727
3205.03935695,3.37829589844,0.553131103516,35.2625038036
3207.04569101,3.37829589844,0.553131103516,35.2628120719
3209.05122495,3.37860107422,0.587463378906,35.2631297804
3211.05668783,3.37829589844,0.518798828125,35.2634379148
3213.06214404,3.37890625,0.514984130859,35.2637258601
3215.06758404,3.37768554688,0.492095947266,35.2640063655
