6393.87457085,3.44757080078,32.6614379883,32.1261680704
6395.87992907,3.44390869141,30.5519104004,32.143774377
6397.88525987,3.44299316406,29.5677185059,32.1605187858
6399.89076591,3.44299316406,28.8009643555,32.176776945
6401.89600801,3.44573974609,29.9987792969,32.1931530175
6403.90126204,3.44421386719,29.8843383789,32.2098309151
6405.90663886,3.44696044922,31.6123962402,32.226959266
6407.91211605,3.44848632812,32.0281982422,32.2446856216
6409.91756797,3.44604492188,30.4145812988,32.2620781205
6411.92298698,3.44573974609,29.2472839355,32.2786957648
6413.92842484,3.44482421875,30.1361083984,32.2952360013
6415.93382597,3.45001220703,33.1840515137,32.3128724347
6417.93913484,3.44970703125,32.886505127,32.3312740837
6419.94451785,3.45031738281,33.4243774414,32.34974335
6421.94988203,3.44268798828,30.6701660156,32.3675951419
6423.95531607,3.44512939453,28.507232666,32.384077971
6425.96071601,3.45062255859,29.5753479004,32.4002555827
6427.96614289,3.44970703125,32.3867797852,32.4175139877
6429.97148705,3.45062255859,33.7715148926,32.4359403974
6431.97689486,3.44909667969,32.5546264648,32.4544141421
6433.98232985,3.44757080078,28.148651123,32.4713219861
6435.98766494,3.44696044922,29.1213989258,32.4872727696
6437.99430084,3.44879150391,30.8990478516,32.504000434
6440.00034189,3.44940185547,30.5252075195,32.5211142642
6442.00648403,3.44421386719,30.0331115723,32.5379876803
6444.01280594,3.44787597656,29.7508239746,32.5546468219
6446.01897097,3.44848632812,29.6363830566,32.5711941188
6448.02551889,3.44909667969,31.1622619629,32.5881379237
6450.03164792,3.44970703125,31.3529968262,32.6055564897
6452.03701806,3.45275878906,30.3688049316,32.62274747
6454.042449,3.44604492188,28.2936096191,32.639086834
6456.04806495,3.44970703125,30.2505493164,32.6553947644
6458.05345702,3.45001220703,32.886505127,32.6729801184
6460.05868506,3.45153808594,31.4598083496,32.6909008173
6462.06410694,3.45245361328,31.5055847168,32.7084386197
6464.06960297,3.44757080078,28.865814209,32.7252545364
6466.07498884,3.45031738281,30.8303833008,32.7418814685
6468.08030796,3.44879150391,31.436920166,32.7592239427
6470.08572793,3.45336914062,33.5693359375,32.7773301711
6472.09110904,3.45123291016,31.6390991211,32.7954923605
6474.09635997,3.4521484375,31.6162109375,32.8131094118
6476.10172105,3.45794677734,30.8074951172,32.8304958105
6478.10717106,3.44451904297,27.961730957,32.8468650806
6480.11258101,3.45031738281,30.2696228027,32.8630842107
6482.11798501,3.45428466797,32.2456359863,32.8804964815
6484.12337399,3.45367431641,32.4287414551,32.8985099931
6486.12897992,3.45062255859,29.7622680664,32.9158336956
6488.13440084,3.45245361328,30.7312011719,32.9326829829
6490.13992691,3.45367431641,33.5464477539,32.9505872191
6492.14342499,3.45458984375,32.3028564453,32.968910685
6494.15069103,3.45275878906,30.029296875,32.9862880759
6496.156142,3.44757080078,29.5524597168,33.0028836719
6498.16285205,3.45367431641,31.7687988281,33.0199745033
6500.16863799,3.45428466797,32.901763916,33.037990518
6502.17518806,3.45123291016,30.4336547852,33.0556413081
6504.18204498,3.45520019531,31.4826965332,33.0728992606
6506.18811393,3.45458984375,30.2543640137,33.0901004828
6508.19425988,3.45031738281,30.460357666,33.1070175097
6510.20017099,3.45306396484,33.2870483398,33.1247774583
6512.20596886,3.45123291016,30.1856994629,33.1424598891
6514.21182585,3.45458984375,29.9758911133,33.1592203818
6516.21761703,3.45642089844,32.6499938965,33.1766668329
6518.22381496,3.45550537109,31.9862365723,33.1946769818
6520.22959089,3.45092773438,29.8500061035,33.2119033216
6522.23555398,3.45092773438,28.2135009766,33.2280801622
6524.24096298,3.45306396484,29.3045043945,33.2441005963
6526.24643803,3.45489501953,31.6848754883,33.2610884684
6528.251899,3.45794677734,32.6385498047,33.2790048739
6530.25714302,3.45581054688,32.9322814941,33.2972667513
6532.26263094,3.45550537109,31.2271118164,33.315137708
6534.26801085,3.45672607422,30.8227539062,33.3324201461
6536.27353287,3.45428466797,28.4385681152,33.3489270747
6538.27893996,3.45245361328,30.6854248047,33.3653948073
6540.28436089,3.45672607422,32.1807861328,33.382904976
6542.28964996,3.45672607422,30.517578125,33.4003672462
6544.29501605,3.45550537109,31.3911437988,33.4176102533
6546.30041599,3.45672607422,31.1737060547,33.4350363014
6548.30658603,3.45520019531,31.2576293945,33.4524318395
6550.31194901,3.45581054688,33.073425293,33.4703494945
6552.31745005,3.45581054688,30.5328369141,33.4880664979
6554.32284093,3.45642089844,31.8756103516,33.505448905
6556.32824588,3.45855712891,32.0777893066,33.5232617473
6558.33382702,3.45367431641,27.6718139648,33.5399051747
6560.33933592,3.45367431641,29.4914245605,33.5558275891
6562.34472299,3.45825195312,30.8799743652,33.5726425922
6564.35012698,3.45764160156,32.1846008301,33.5902078632
6566.355546,3.45947265625,33.3786010742,33.6084692093
6568.3614099,3.45611572266,29.0679931641,33.6258663439
6570.36675906,3.45520019531,29.6478271484,33.6422199163
6572.37201905,3.45611572266,29.3045043945,33.6586386318
6574.37746501,3.45916748047,30.2543640137,33.6752278112
6576.38290906,3.45855712891,31.8870544434,33.6925363026
6578.38832283,3.46038818359,33.2908630371,33.7106902878
6580.39370704,3.45977783203,33.2794189453,33.7292318145
6582.39914083,3.45916748047,32.2875976562,33.7474943577
6584.40457296,3.45428466797,31.0554504395,33.7651374388
6586.40989184,3.45916748047,31.5551757812,33.7825755319
6588.41536689,3.45458984375,30.0941467285,33.7997472233
6590.42074394,3.45977783203,30.704498291,33.816681141
