2621.42061806,3.45520019531,30.8647155762,32.3730969264
2623.42598605,3.45733642578,31.9519042969,32.3905928207
2625.43153787,3.46038818359,31.8412780762,32.4083623391
2627.436903,3.45550537109,30.9677124023,32.4258560835
2629.4424119,3.45733642578,29.7660827637,32.4427730511
2631.44791603,3.45428466797,29.052734375,32.4591565762
2633.45324302,3.45397949219,30.5137634277,32.4757468964
2635.45851302,3.45794677734,33.1687927246,32.4934831075
2637.4640429,3.45306396484,32.7186584473,32.5118357814
2639.46943498,3.46343994141,31.9671630859,32.5298525083
2641.47477388,3.45489501953,28.8352966309,32.5467871664
2643.48030186,3.45367431641,28.0799865723,32.5626406653
2645.48563504,3.45672607422,30.5061340332,32.5789579836
2647.49166298,3.45886230469,31.8641662598,32.5963352843
2649.49779987,3.45886230469,29.5181274414,32.6134382404
2651.50333595,3.45764160156,29.109954834,32.629768898
2653.50871086,3.45733642578,31.1279296875,32.6465466121
2655.51425004,3.46038818359,31.5361022949,32.664001497
2657.51968789,3.46160888672,32.657623291,32.6818815702
2659.52507901,3.4619140625,32.6194763184,32.7000629752
2661.53053689,3.45794677734,30.647277832,32.7176850323
2663.53600693,3.45642089844,29.2816162109,32.7343774769
2665.54172206,3.45550537109,30.632019043,32.7510677109
2667.54719996,3.45855712891,28.7017822266,32.7675944647
2669.55259895,3.45672607422,28.3737182617,32.783491569
2671.55795503,3.45733642578,32.9208374023,32.8005634314
2673.56375289,3.46221923828,31.5208435059,32.8185157906
2675.56914091,3.46466064453,33.2641601562,32.8365601059
2677.57445788,3.45916748047,29.9873352051,32.854176675
2679.57997894,3.45764160156,29.1862487793,32.8706591567
2681.58541203,3.45886230469,28.2974243164,32.8866702206
2683.59088993,3.45916748047,29.2549133301,32.902700768
2685.59638095,3.46221923828,31.9175720215,32.9197397777
2687.60179305,3.46099853516,32.1273803711,32.9375781837
2689.60713005,3.46008300781,29.9415588379,32.9548655643
2691.61245394,3.46771240234,30.143737793,32.9716003532
2693.61789203,3.46282958984,32.787322998,32.9891287347
2695.62335491,3.46343994141,32.5775146484,33.0073352285
2697.62888098,3.45855712891,31.2728881836,33.0251204573
2699.63435388,3.46038818359,29.468536377,33.0420392463
2701.63975596,3.46160888672,30.1780700684,33.0586525004
2703.64521289,3.46252441406,31.982421875,33.0759664155
2705.65043306,3.45947265625,31.8412780762,33.0937414948
2707.6558609,3.45733642578,27.7481079102,33.1103390244
2709.66130304,3.46282958984,28.8162231445,33.1260940929
2711.66683006,3.46282958984,31.6886901855,33.1429474594
2713.672328,3.46557617188,31.7115783691,33.1606070576
2715.67786384,3.46313476562,32.2265625,33.1784168122
2717.68329787,3.45794677734,28.8619995117,33.1954319625
2719.68870997,3.46252441406,29.1595458984,33.2115926721
2721.69435596,3.46893310547,29.8118591309,33.2280198613
2723.69982696,3.46771240234,32.5202941895,33.245381712
2725.70530701,3.46496582031,32.470703125,33.2634842326
2727.71096706,3.46466064453,32.1426391602,33.281483177
2729.71674299,3.46496582031,32.8407287598,33.299586243
2731.72241187,3.46313476562,32.7110290527,33.3178466764
2733.72779489,3.46221923828,29.3273925781,33.3351259538
2735.73321605,3.46527099609,29.4876098633,33.3515077386
2737.73897386,3.46343994141,28.9192199707,33.3677785657
2739.74449492,3.46038818359,29.8461914062,33.3841473532
2741.75008988,3.46466064453,30.5595397949,33.400973663
2743.75553393,3.46832275391,32.470703125,33.4185297221
2745.76090384,3.46282958984,28.9039611816,33.4356240144
2747.76630497,3.46527099609,31.0516357422,33.452323323
2749.77172685,3.46649169922,32.1388244629,33.4699238135
2751.77717996,3.46466064453,29.8118591309,33.4871792567
2753.78263688,3.46435546875,28.5682678223,33.5034402053
2755.78807783,3.46710205078,31.7611694336,33.5202439725
2757.79352903,3.46893310547,31.2156677246,33.5377852189
2759.79886293,3.46282958984,28.7246704102,33.5544797178
2761.80420494,3.46130371094,31.9175720215,33.5713697783
2763.80976701,3.46557617188,31.7611694336,33.5891075101
2765.81515884,3.46252441406,28.2325744629,33.6058173662
2767.82051301,3.46893310547,32.6347351074,33.6227702152
2769.82604003,3.46710205078,32.8636169434,33.6410144811
2771.8313539,3.46649169922,28.6293029785,33.6581412319
2773.83662701,3.47137451172,33.0467224121,33.6753186312
2775.84210491,3.46038818359,29.0794372559,33.6926231646
2777.84753704,3.47015380859,29.7431945801,33.709007164
2779.85290289,3.46740722656,32.6881408691,33.726395729
2781.85847688,3.46618652344,30.7769775391,33.744074061
2783.863868,3.46801757812,28.6712646484,33.7606319745
2785.86926389,3.47045898438,33.5884094238,33.7779729876
2787.87459898,3.46527099609,29.9758911133,33.795676838
2789.88004994,3.46710205078,29.0145874023,33.8121077424
2791.8855679,3.47625732422,32.9360961914,33.8293637436
2793.89123702,3.46893310547,32.886505127,33.8476996268
2795.89677501,3.47106933594,31.1965942383,33.8655497782
2797.90252805,3.4716796875,31.9938659668,33.8831531751
2799.90801501,3.46740722656,30.834197998,33.900653295
2801.91328692,3.47564697266,30.7731628418,33.9178115603
2803.91938305,3.46954345703,31.1508178711,33.9350650961
2805.92486501,3.46923828125,28.7818908691,33.9517587025
2807.9303689,3.47015380859,29.7164916992,33.9680529711
2809.93611693,3.47045898438,30.2124023438,33.9847477296
2811.94160295,3.47137451172,32.1006774902,34.0021043977
2813.94702387,3.46954345703,30.4870605469,34.0195370031
2815.95229197,3.46374511719,31.4254760742,34.0367802301
2817.95784903,3.47717285156,31.9023132324,34.05442016
