7188.09041595,3.50006103516,30.0674438477,38.9435705758
7190.09639502,3.50067138672,32.1159362793,38.9608953756
7192.10250306,3.49761962891,29.6630859375,38.9781086247
7194.10862684,3.49365234375,29.3731689453,38.9945577962
7196.11463094,3.49853515625,32.7110290527,39.0118551789
7198.11949706,3.50311279297,29.8271179199,39.0292691528
7200.12679696,3.49792480469,28.0380249023,39.0454014716
7202.13254404,3.49792480469,30.7159423828,39.0617689158
7204.13867307,3.49761962891,29.3960571289,39.078517864
7206.14453506,3.50250244141,32.0854187012,39.0956461079
7208.15049195,3.49700927734,28.9840698242,39.1126603803
7210.15653896,3.49853515625,30.0941467285,39.1291206136
7212.16261387,3.50311279297,33.3938598633,39.1468097381
7214.16859293,3.50402832031,30.5595397949,39.1646276799
7216.17446303,3.50189208984,31.4292907715,39.1818973385
7218.18129897,3.50006103516,30.0827026367,39.199042405
7220.187325,3.50463867188,30.8303833008,39.2160136878
7222.19326496,3.5009765625,33.4701538086,39.2339279957
7224.19924092,3.50128173828,29.5219421387,39.2514780832
7226.20539093,3.50189208984,28.4576416016,39.2676330474
7228.21153092,3.50372314453,31.3453674316,39.284295993
7230.21741104,3.50158691406,29.1938781738,39.3011618915
7232.22334504,3.50341796875,31.4178466797,39.3180484359
7234.22906995,3.50036621094,28.5034179688,39.3347408766
7236.23534203,3.50341796875,30.158996582,39.3510870939
7238.24108386,3.50158691406,29.4876098633,39.3677031624
7240.24729204,3.50128173828,28.7704467773,39.3839361888
7242.25378394,3.50372314453,29.2472839355,39.400104537
7244.26120305,3.50555419922,33.8668823242,39.4177012847
7246.267416,3.50128173828,30.5519104004,39.4356509814
7248.27361703,3.50189208984,29.4647216797,39.4523739576
7250.2793479,3.50769042969,31.852722168,39.4694553868
7252.28572106,3.50860595703,33.3557128906,39.487626561
7254.29170489,3.50372314453,29.712677002,39.5051979735
7256.29760885,3.50524902344,32.2227478027,39.5224530449
7258.303581,3.50311279297,28.5530090332,39.5393856109
7260.30901384,3.50433349609,28.923034668,39.5553945478
7262.3143959,3.50341796875,29.7241210938,39.5717292637
7264.32036495,3.50708007812,32.1578979492,39.5889700157
7266.32618093,3.50494384766,30.2810668945,39.6063646093
7268.33214188,3.51287841797,32.0777893066,39.6237381412
7270.33824492,3.50311279297,29.2854309082,39.6408354943
7272.34440899,3.50402832031,27.6069641113,39.6566876442
7274.35016894,3.50830078125,31.9137573242,39.6732687941
7276.35628986,3.505859375,28.4843444824,39.6900973907
7278.36223602,3.50769042969,32.7339172363,39.7071530209
7280.36876893,3.50555419922,30.5061340332,39.7247770825
7282.37492585,3.51104736328,34.049987793,39.7427645423
7284.38083887,3.51348876953,29.2091369629,39.7603884732
7286.38702106,3.50646972656,27.6947021484,39.7762439549
7288.3927319,3.50830078125,30.3344726562,39.7924091973
7290.39859104,3.51257324219,33.3251953125,39.8101442427
7292.40520096,3.50891113281,29.7584533691,39.827725392
7294.41117191,3.51470947266,32.844543457,39.8451670299
7296.41695094,3.50952148438,31.6200256348,39.8631255967
7298.42272496,3.51196289062,28.0570983887,39.8797504335
7300.42868996,3.5107421875,32.0739746094,39.8965033262
7302.43456793,3.50952148438,29.354095459,39.913616828
7304.44057798,3.51226806641,30.029296875,39.9301617838
7306.447083,3.50921630859,30.3001403809,39.9469744669
7308.45310092,3.51257324219,32.8559875488,39.9645706231
7310.45900583,3.51287841797,30.4107666016,39.9821966082
7312.46492195,3.51165771484,30.9753417969,39.999298745
7314.47148585,3.51257324219,30.2925109863,40.016373448
7316.47767591,3.51287841797,32.2036743164,40.0337872293
7318.48343706,3.51501464844,32.3867797852,40.0517807048
7320.48967004,3.51318359375,31.307220459,40.069528622
7322.49636006,3.51196289062,30.3001403809,40.0866990215
7324.50252199,3.51409912109,32.4859619141,40.1041933393
7326.50843,3.5107421875,28.7590026855,40.1212560844
7328.51435184,3.515625,32.1846008301,40.138234988
7330.52022696,3.51440429688,28.7475585938,40.1552103077
7332.52589583,3.51257324219,29.0641784668,40.1713146413
7334.53168797,3.51379394531,32.0777893066,40.1883477077
7336.53698397,3.51257324219,29.2015075684,40.2054148089
7338.54249191,3.50952148438,29.3769836426,40.2217314241
7340.54793906,3.51593017578,28.5186767578,40.2378573529
7342.55337691,3.51257324219,27.5840759277,40.2534838228
7344.55884695,3.51440429688,28.9154052734,40.2692210474
7346.56434083,3.51379394531,29.3998718262,40.2854642323
7348.56964803,3.52752685547,30.7235717773,40.3022095065
7350.5749929,3.51715087891,32.299041748,40.3197625724
7352.58043003,3.51623535156,31.3949584961,40.3375034493
7354.586025,3.51928710938,32.4516296387,40.3552882265
7356.59140587,3.52233886719,33.3671569824,40.373620412
7358.59687185,3.51928710938,32.5775146484,40.3919884392
7360.60227489,3.51776123047,31.379699707,40.409802327
7362.60769105,3.51531982422,30.3955078125,40.4270085768
7364.6129179,3.51745605469,30.2505493164,40.4438987299
7366.61839485,3.52600097656,30.8494567871,40.4609174319
7368.62381697,3.51989746094,32.1311950684,40.4784594863
7370.62925887,3.52203369141,33.4587097168,40.4967284785
7372.63470197,3.52630615234,33.1382751465,40.5152779873
7374.6400609,3.51867675781,29.7660827637,40.5327982395
7376.64546084,3.51837158203,28.5224914551,40.5490332261
7378.6508069,3.51776123047,30.9867858887,40.5656077671
7380.65624499,3.52264404297,32.8369140625,40.583384778
7382.66160703,3.52813720703,33.1954956055,40.6017762902
7384.66699505,3.52233886719,31.9366455078,40.6199172923
