2819.96549106,3.46862792969,28.8772583008,34.0713678853
2821.97100091,3.47137451172,31.8336486816,34.0882784856
2823.97640991,3.47015380859,31.0897827148,34.1058044878
2825.98185802,3.46862792969,28.6140441895,34.1224340609
2827.98732495,3.46832275391,31.0859680176,34.1390627277
2829.992558,3.4619140625,29.0679931641,34.155815882
2831.99793601,3.47320556641,31.7840576172,34.1727646826
2834.00349689,3.47290039062,33.2221984863,34.1908721831
2836.00916886,3.47259521484,32.8025817871,34.2092644125
2838.01458788,3.46862792969,29.2167663574,34.2265386876
2840.02018404,3.47106933594,29.3998718262,34.2428666465
2842.02554202,3.47320556641,33.3518981934,34.2603443914
2844.03082895,3.46832275391,28.5835266113,34.277594155
2846.03660703,3.46771240234,29.0260314941,34.2936430423
2848.04205394,3.46984863281,30.7655334473,34.3102970435
2850.04747391,3.47503662109,32.5775146484,34.3279400176
2852.05293798,3.46954345703,29.7775268555,34.3453081837
2854.05836987,3.48266601562,31.4865112305,34.3623721915
2856.0637579,3.47259521484,31.8069458008,34.3800010721
2858.06907892,3.46771240234,28.2974243164,34.3967411495
2860.07459903,3.47442626953,32.4668884277,34.4136667121
2862.07999396,3.47381591797,31.551361084,34.4314975278
2864.0854919,3.47015380859,28.4767150879,34.448217831
2866.091645,3.47442626953,31.2614440918,34.4648628162
2868.09703994,3.47229003906,30.5671691895,34.482083759
2870.10248494,3.47198486328,29.3121337891,34.4987621825
2872.10775399,3.47229003906,31.0134887695,34.5155634469
2874.11312199,3.47259521484,28.9039611816,34.5322518547
2876.1185689,3.47381591797,32.3181152344,34.5493043025
2878.12399006,3.47198486328,29.6974182129,34.5665775335
2880.12931585,3.47412109375,30.4489135742,34.5833293377
2882.13485789,3.47442626953,30.7312011719,34.6003709061
2884.14015985,3.47229003906,28.865814209,34.6169695188
2886.14546704,3.47503662109,31.9213867188,34.6338996593
2888.15094495,3.47198486328,28.6521911621,34.6507717387
2890.1564939,3.47320556641,29.6897888184,34.6670228077
2892.16180396,3.47625732422,32.0472717285,34.6842175228
2894.16732597,3.4716796875,28.694152832,34.7011367261
2896.17270803,3.47625732422,30.6129455566,34.7176552527
2898.17810583,3.4765625,31.9519042969,34.7350812821
2900.18344283,3.47991943359,29.0145874023,34.7520616101
2902.18892789,3.47839355469,33.4320068359,34.769455459
2904.19445395,3.47381591797,31.7344665527,34.787607273
2906.19992399,3.47503662109,29.354095459,34.8046227287
2908.20535588,3.47869873047,32.9742431641,34.8219831784
2910.21147084,3.47381591797,28.8200378418,34.8392007383
2912.21748996,3.47564697266,31.665802002,34.856052926
2914.22288394,3.47808837891,29.9797058105,34.8732228607
2916.22830296,3.47595214844,32.1998596191,34.8905417611
2918.23434997,3.47290039062,30.3840637207,34.9079787462
2920.23977089,3.47778320312,33.1077575684,34.9256631666
2922.24525499,3.47442626953,28.377532959,34.9427892461
2924.250844,3.47595214844,30.6930541992,34.9592435962
2926.25625086,3.48083496094,30.9104919434,34.9764019536
2928.26147985,3.47930908203,32.829284668,34.9941537381
2930.26724696,3.47839355469,31.6543579102,35.0121175116
2932.27256799,3.47686767578,29.1748046875,35.0290594559
2934.27804494,3.47290039062,31.9557189941,35.0460866582
2936.28356385,3.47930908203,32.0510864258,35.0639153886
2938.28906584,3.47412109375,27.7633666992,35.0805762225
2940.2944839,3.48114013672,33.130645752,35.0975370492
2942.29983091,3.47534179688,29.5524597168,35.114995574
2944.30526495,3.47961425781,32.1350097656,35.1321775394
2946.31099606,3.47747802734,30.8685302734,35.1497286728
2948.31648684,3.47686767578,31.5628051758,35.167118321
2950.32190704,3.4765625,28.5987854004,35.183875164
2952.32726502,3.47961425781,31.7268371582,35.2006771736
2954.33260083,3.47686767578,29.4494628906,35.217715927
2956.33799887,3.42956542969,0.522613525391,35.2260639747
2958.34350204,3.42163085938,0.465393066406,35.2263391761
2960.34960699,3.41735839844,0.507354736328,35.2266102087
2962.35562801,3.4130859375,0.480651855469,35.2268854812
2964.36144304,3.41186523438,0.522613525391,35.2271649763
2966.36746287,3.40637207031,0.480651855469,35.2274444999
2968.37367988,3.408203125,0.545501708984,35.2277304286
2970.37965202,3.40515136719,0.42724609375,35.2280014432
2972.38585496,3.40423583984,0.530242919922,35.2282682373
2974.39339399,3.40362548828,0.476837158203,35.2285490362
2976.39958286,3.40301513672,0.54931640625,35.2288349609
2978.40622497,3.40026855469,0.507354736328,35.2291294555
2980.41224599,3.40057373047,0.537872314453,35.2294206704
2982.41824889,3.40301513672,0.633239746094,35.2297469557
2984.42405105,3.39904785156,0.553131103516,35.2300774592
2986.43024397,3.39813232422,0.511169433594,35.2303740137
2988.43587995,3.39752197266,0.541687011719,35.230667298
2990.44225407,3.39630126953,0.54931640625,35.2309713203
2992.44787002,3.39538574219,0.465393066406,35.2312539756
2994.45334291,3.39538574219,0.541687011719,35.2315344855
2996.45875883,3.39416503906,0.507354736328,35.2318266751
2998.46421885,3.39508056641,0.587463378906,35.2321316215
3000.46973896,3.3935546875,0.545501708984,35.2324472026
3002.47522998,3.39111328125,0.518798828125,35.2327436534
3004.48067498,3.39141845703,0.545501708984,35.2330400973
3006.48612595,3.39141845703,0.442504882812,35.2333152915
3008.49218106,3.39080810547,0.514984130859,35.233582066
3010.49758601,3.39080810547,0.526428222656,35.2338721289
3012.50304985,3.39019775391,0.545501708984,35.2341707007
3014.50850797,3.39294433594,0.54931640625,35.2344756468
3016.51424384,3.38958740234,0.553131103516,35.2347827605
