3217.0754199,3.37799072266,0.54931640625,35.2642967801
3219.08065987,3.37738037109,0.514984130859,35.2645931937
3221.08617687,3.37585449219,0.537872314453,35.2648864606
3223.09165597,3.37768554688,0.534057617188,35.2651850346
3225.09709191,3.37799072266,0.495910644531,35.2654719145
3227.10257006,3.37829589844,0.583648681641,35.2657726135
3229.10799289,3.37799072266,0.518798828125,35.2660796792
3231.11339903,3.37768554688,0.537872314453,35.2663739924
3233.11877584,3.37738037109,0.598907470703,35.2666906135
3235.12417984,3.37799072266,0.534057617188,35.2670061764
3237.12959003,3.37921142578,0.499725341797,35.2672941151
3239.13511586,3.37493896484,0.446319580078,35.2675576314
3241.14049196,3.37738037109,0.526428222656,35.2678285655
3243.14590192,3.37860107422,0.507354736328,35.2681165042
3245.15129685,3.37554931641,0.434875488281,35.2683789408
3247.15657592,3.37738037109,0.534057617188,35.2686487993
3249.1619339,3.37799072266,0.537872314453,35.2689473553
3251.16746688,3.37585449219,0.579833984375,35.2692586882
3253.17286086,3.37768554688,0.530242919922,35.2695678745
3255.17826605,3.32672119141,-28.2783508301,35.2618392357
3257.18375087,3.31756591797,-28.3813476562,35.2460572683
3259.18915296,3.31756591797,-28.3279418945,35.2302621395
3261.19438505,3.26049804688,-56.884765625,35.2065300206
3263.19989395,3.25408935547,-56.8656921387,35.1748456379
3265.20530891,3.251953125,-56.7970275879,35.1431871769
3267.21069288,3.20343017578,-84.1789245605,35.1039217722
3269.21613503,3.19732666016,-83.6868286133,35.0571655144
3271.22178698,3.19213867188,-83.6181640625,35.0105605721
3273.22713804,3.19213867188,-83.6067199707,34.9639849333
3275.23141694,3.18603515625,-83.4541320801,34.9174798582
3277.23792791,3.18084716797,-83.3435058594,34.8709963456
3279.24338889,3.17535400391,-83.3511352539,34.8245658459
3281.24883199,3.17565917969,-83.2214355469,34.7781697609
3283.25431204,3.17230224609,-83.1909179688,34.7318174476
3285.26002884,3.17138671875,-83.1565856934,34.6854777278
3287.26585007,3.16802978516,-83.0345153809,34.6391791669
3289.27112293,3.16497802734,-82.9582214355,34.5929485098
3291.27654195,3.1640625,-82.950592041,34.5467378585
3293.28204703,3.16162109375,-82.9200744629,34.5005358495
3295.28747702,3.15551757812,-82.8704833984,34.4543578834
3297.29293489,3.15765380859,-82.7140808105,34.4082366516
3299.29844904,3.15612792969,-82.7217102051,34.3621555657
3301.30374289,3.15399169922,-82.5958251953,34.3161124773
3303.30907202,3.15277099609,-82.6034545898,34.270101515
3305.31459689,3.15063476562,-82.5958251953,34.2240860616
3307.32000494,3.14910888672,-82.4890136719,34.1781051637
3309.32540298,3.15124511719,-82.4928283691,34.1321531829
3311.33091497,3.14636230469,-82.4127197266,34.0862198419
3313.33635592,3.14483642578,-82.3860168457,34.0403178787
3315.34204102,3.14361572266,-82.4012756348,33.9944135154
3317.34747887,3.14178466797,-82.347869873,33.9485254359
3319.35293388,3.13934326172,-82.3402404785,33.9026539641
3321.35839987,3.18572998047,-55.6373596191,33.8642221052
3323.3638649,3.18786621094,-55.6640625,33.8332205622
3325.36929893,3.1884765625,-55.7174682617,33.8021971854
3327.37485695,3.19000244141,-55.736541748,33.7711517017
3329.380265,3.18908691406,-55.5305480957,33.740160602
3331.38552403,3.24127197266,-27.6718139648,33.716988062
3333.39101005,3.24523925781,-27.6184082031,33.7015875387
3335.39650297,3.24829101562,-27.6985168457,33.6861795246
3337.40193796,3.24554443359,-27.7709960938,33.6707294549
3339.40743804,3.30169677734,0.42724609375,33.6631130809
3341.41287184,3.30993652344,0.492095947266,33.6633691475
3343.41824985,3.31085205078,0.457763671875,33.6636337069
3345.42351103,3.31298828125,0.438690185547,33.6638833769
3347.42902184,3.31512451172,0.457763671875,33.664133078
3349.43436599,3.31817626953,0.411987304688,33.664375321
3351.43976784,3.31909179688,0.438690185547,33.6646122586
3353.44522095,3.32305908203,0.42724609375,33.6648534523
3355.45070887,3.32397460938,0.408172607422,33.6650861498
3357.45600486,3.32611083984,0.442504882812,33.6653230748
3359.46135092,3.32214355469,0.389099121094,33.6655546934
3361.46824193,3.32916259766,0.419616699219,33.6657801107
3363.47357893,3.33038330078,0.411987304688,33.6660117282
3365.47904897,3.33160400391,0.42724609375,33.6662454862
3367.48440385,3.33343505859,0.476837158203,33.6664972928
3369.490098,3.33374023438,0.446319580078,33.6667544553
3371.49556684,3.33587646484,0.373840332031,33.6669829005
3373.50080585,3.33679199219,0.419616699219,33.6672038826
3375.50618196,3.33740234375,0.415802001953,33.6674365671
3377.51171684,3.33923339844,0.526428222656,33.6676990221
3379.51712394,3.33953857422,0.408172607422,33.6679593353
3381.52252483,3.33923339844,0.42724609375,33.6681920227
3383.52792192,3.34136962891,0.484466552734,33.6684459596
3385.53326488,3.34228515625,0.469207763672,33.6687115768
3387.538661,3.34259033203,0.423431396484,33.6689602012
3389.54405689,3.34381103516,0.450134277344,33.669203513
3391.54951501,3.34686279297,0.530242919922,33.6694765832
3393.55490994,3.34503173828,0.392913818359,33.6697337073
3395.56030393,3.34381103516,0.419616699219,33.669960019
3397.56570387,3.34655761719,0.442504882812,33.6702001438
3399.57097006,3.34777832031,0.442504882812,33.6704466271
3401.57647395,3.34747314453,0.419616699219,33.6706867644
3403.58191299,3.34808349609,0.434875488281,33.6709247688
3405.58737803,3.34899902344,0.438690185547,33.671168089
3407.59277701,3.34930419922,0.450134277344,33.6714156512
3409.59812903,3.35205078125,0.518798828125,33.6716855195
3411.60343289,3.35021972656,0.434875488281,33.6719511316
3413.60880303,3.34991455078,0.434875488281,33.6721933778
