437.365232944,3.40148925781,0.553131103516,38.2885309562
439.370712996,3.40179443359,0.587463378906,38.2888486561
441.376263857,3.40179443359,0.530242919922,38.2891599918
443.381666899,3.40362548828,0.560760498047,38.289463867
445.387096882,3.40148925781,0.545501708984,38.2897719963
447.39150691,3.40301513672,0.530242919922,38.2900714732
449.398100853,3.40087890625,0.54931640625,38.2903723395
451.403363943,3.3984375,0.499725341797,38.2906645068
453.408894062,3.40087890625,0.576019287109,38.290964151
455.414414883,3.40057373047,0.54931640625,38.2912776071
457.419822931,3.40057373047,0.583648681641,38.2915931706
459.425297976,3.39965820312,0.541687011719,38.2919066196
461.430856943,3.39660644531,0.545501708984,38.2922094559
463.436234951,3.39935302734,0.522613525391,38.2925069524
465.441637993,3.40301513672,0.530242919922,38.2928002026
467.447165012,3.40057373047,0.534057617188,38.2930966586
469.452600002,3.39935302734,0.545501708984,38.2933973511
471.458127975,3.39904785156,0.541687011719,38.2937001827
473.463604927,3.39904785156,0.587463378906,38.2940146945
475.469048977,3.40026855469,0.522613525391,38.2943238886
477.474433899,3.39782714844,0.541687011719,38.2946203236
479.479817867,3.39294433594,0.553131103516,38.2949252584
481.48525691,3.39813232422,0.568389892578,38.2952376393
483.490749836,3.39385986328,0.507354736328,38.2955372779
485.496212959,3.39782714844,0.556945800781,38.2958337245
487.501667023,3.39874267578,0.553131103516,38.2961429201
489.507372856,3.39752197266,0.54931640625,38.2964500292
491.512681961,3.39721679688,0.541687011719,38.2967538902
493.518007994,3.4033203125,0.556945800781,38.2970598786
495.523606062,3.39874267578,0.545501708984,38.2973669712
497.530067921,3.40057373047,0.614166259766,38.297690142
499.535688877,3.39721679688,0.54931640625,38.2980142399
501.54130888,3.40240478516,0.503540039062,38.2983075219
503.547036886,3.39660644531,0.568389892578,38.298606133
505.552518845,3.40057373047,0.602722167969,38.2989323335
507.558282852,3.39691162109,0.553131103516,38.2992543292
509.563760996,3.39630126953,0.503540039062,38.2995486529
511.56922698,3.39630126953,0.560760498047,38.2998451
513.574795008,3.39599609375,0.598907470703,38.3001681268
515.58029604,3.39599609375,0.560760498047,38.3004911428
517.585754871,3.39630126953,0.583648681641,38.3008099019
519.59127593,3.39599609375,0.553131103516,38.3011265457
521.596583843,3.39447021484,0.644683837891,38.3014601552
523.602063894,3.39569091797,0.572204589844,38.3017991059
525.607622862,3.39691162109,0.465393066406,38.3020881286
527.613103867,3.39538574219,0.553131103516,38.3023718273
529.61856699,3.39569091797,0.556945800781,38.3026810243
531.624122858,3.39569091797,0.579833984375,38.3029976737
533.629513025,3.39416503906,0.568389892578,38.3033174843
535.634881973,3.39477539062,0.572204589844,38.3036351667
537.640393972,3.39477539062,0.537872314453,38.3039443712
539.645994902,3.39538574219,0.591278076172,38.3042589025
541.651438951,3.39477539062,0.587463378906,38.3045872219
543.657093048,3.39660644531,0.541687011719,38.3049017615
545.662543058,3.39508056641,0.587463378906,38.3052162691
547.667997837,3.39324951172,0.408172607422,38.3054935889
549.673328876,3.39447021484,0.541687011719,38.3057581421
551.678920031,3.39080810547,0.511169433594,38.3060514199
553.684334993,3.39477539062,0.564575195312,38.3063510469
555.689869881,3.39294433594,0.537872314453,38.3066581298
557.695358038,3.39447021484,0.564575195312,38.3069652055
559.70082283,3.39385986328,0.587463378906,38.3072860906
561.706269026,3.39447021484,0.560760498047,38.3076059102
563.711654902,3.3935546875,0.553131103516,38.3079161578
565.717103958,3.39416503906,0.576019287109,38.3082306652
567.72259593,3.39416503906,0.576019287109,38.3085515547
569.728070021,3.39385986328,0.54931640625,38.3088650035
571.733829021,3.39416503906,0.568389892578,38.3091763715
573.73940587,3.39202880859,0.522613525391,38.3094802731
575.744892836,3.3935546875,0.633239746094,38.3098022243
577.750335932,3.3935546875,0.534057617188,38.310127356
579.755880833,3.39324951172,0.564575195312,38.3104333779
581.761242867,3.39111328125,0.534057617188,38.3107393718
583.766723871,3.39385986328,0.518798828125,38.3110326334
585.772240877,3.39599609375,0.507354736328,38.3113184624
587.777781963,3.3935546875,0.553131103516,38.3116138579
589.783198833,3.39263916016,0.652313232422,38.3119496105
591.788614988,3.3935546875,0.537872314453,38.3122811129
593.794055939,3.39233398438,0.507354736328,38.3125722436
595.799515009,3.39294433594,0.537872314453,38.312863377
597.805176973,3.39080810547,0.499725341797,38.3131524145
599.810966969,3.39324951172,0.564575195312,38.3134489094
601.816277981,3.39019775391,0.705718994141,38.3138027059
603.821776867,3.39324951172,0.553131103516,38.3141533479
605.827184916,3.39141845703,0.556945800781,38.3144625364
607.832967043,3.39324951172,0.560760498047,38.314773908
609.838511944,3.39050292969,0.602722167969,38.3150979936
611.843994856,3.39263916016,0.572204589844,38.3154252569
613.849393845,3.39233398438,0.629425048828,38.315759944
615.854923964,3.3935546875,0.530242919922,38.3160829647
617.860236883,3.39080810547,0.514984130859,38.3163740768
619.865746021,3.39263916016,0.537872314453,38.3166673425
621.871290922,3.39202880859,0.514984130859,38.3169606135
623.877925873,3.39263916016,0.572204589844,38.3172636122
625.883440018,3.3935546875,0.568389892578,38.3175813175
627.888979912,3.39263916016,0.564575195312,38.3178969018
629.894351006,3.39599609375,0.511169433594,38.3181965222
631.899662971,3.39233398438,0.553131103516,38.3184929465
633.905180931,3.39141845703,0.595092773438,38.3188127776
