5004.09072495,4.0185546875,0.476837158203,42.7374135358
5006.09612203,4.01245117188,0.492095947266,42.7376834102
5008.10150194,4.00817871094,0.522613525391,42.7379660322
5010.10695505,3.99993896484,0.434875488281,42.7382327265
5012.11227584,3.99322509766,0.473022460938,42.7384855913
5014.11757088,3.98681640625,0.48828125,42.7387533271
5016.12299895,3.98040771484,0.503540039062,42.7390295807
5018.12849498,3.97552490234,0.450134277344,42.7392952183
5020.13385797,3.97003173828,0.484466552734,42.7395555257
5022.13931084,3.96270751953,0.518798828125,42.7398349704
5024.14468598,3.95904541016,0.484466552734,42.7401144042
5026.15011501,3.95324707031,0.507354736328,42.740390658
5028.15542102,3.94683837891,0.476837158203,42.7406647699
5030.16084886,3.94287109375,0.465393066406,42.7409272108
5032.16629601,3.93768310547,0.522613525391,42.7412024046
5034.17175484,3.93371582031,0.492095947266,42.7414850377
5036.17715192,3.9306640625,0.495910644531,42.7417602245
5038.18257499,3.92333984375,0.503540039062,42.7420386025
5040.18787098,3.91906738281,0.503540039062,42.7423190878
5042.19318485,3.91265869141,0.526428222656,42.7426059502
5044.19857883,3.90991210938,0.499725341797,42.7428917616
5046.20356488,3.90502929688,0.499725341797,42.7431700789
5048.20940399,3.90014648438,0.507354736328,42.7434506401
5050.21492887,3.89739990234,0.450134277344,42.743717344
5052.22027993,3.89587402344,0.564575195312,42.7439999619
5054.2256639,3.88946533203,0.450134277344,42.7442825844
5056.23091197,3.88519287109,0.499725341797,42.7445471267
5058.23648405,3.88214111328,0.499725341797,42.7448255253
5060.24196386,3.87725830078,0.438690185547,42.7450869105
5062.2473309,3.86962890625,0.553131103516,42.7453631558
5064.25265193,3.87054443359,0.484466552734,42.7456521441
5066.25821304,3.8671875,0.518798828125,42.7459316039
5068.26352286,3.86413574219,0.473022460938,42.7462078412
5070.26880288,3.86047363281,0.495910644531,42.7464776999
5072.27418804,3.85498046875,0.48828125,42.7467518226
5074.27971697,3.85375976562,0.495910644531,42.747025965
5076.28540087,3.85040283203,0.507354736328,42.7473054419
5078.29149389,3.85101318359,0.480651855469,42.7475807242
5080.29688787,3.84429931641,0.507354736328,42.7478559107
5082.30229306,3.84185791016,0.473022460938,42.7481289737
5084.30760789,3.83911132812,0.469207763672,42.7483913998
5086.31301403,3.83575439453,0.526428222656,42.748668713
5088.31849885,3.8330078125,0.446319580078,42.7489396617
5090.32407594,3.83087158203,0.522613525391,42.7492095603
5092.32985592,3.83392333984,0.473022460938,42.7494869251
5094.33555198,3.82598876953,0.534057617188,42.7497674663
5096.34086204,3.82263183594,0.633239746094,42.7500925765
5098.34624791,3.82110595703,0.518798828125,42.750413449
5100.35165286,3.82080078125,0.507354736328,42.7506992619
5102.35704303,3.81469726562,0.553131103516,42.7509946353
5104.36252999,3.81530761719,0.473022460938,42.7512804599
5106.36803603,3.81317138672,0.545501708984,42.7515641622
5108.37349296,3.80950927734,0.480651855469,42.7518499826
5110.378865,3.80676269531,0.408172607422,42.7520975414
5112.38415694,3.80554199219,0.480651855469,42.7523450904
5114.38990498,3.80615234375,0.442504882812,42.7526022598
5116.39530396,3.80218505859,0.518798828125,42.7528700095
5118.40075588,3.79730224609,0.499725341797,42.7531537041
5120.40612698,3.79791259766,0.476837158203,42.7534257
5122.41171384,3.80065917969,0.469207763672,42.7536892243
5124.41699004,3.79455566406,0.457763671875,42.7539473957
5126.42229104,3.80065917969,0.396728515625,42.7541853837
5128.42765093,3.79150390625,0.530242919922,42.7544435658
5130.43313193,3.78723144531,0.495910644531,42.7547293897
5132.43849397,3.78784179688,0.541687011719,42.755018384
5134.44395685,3.7890625,0.457763671875,42.7552967675
5136.44929695,3.78448486328,0.507354736328,42.7555655717
5138.45470095,3.79119873047,0.469207763672,42.755837572
5140.46010995,3.78204345703,0.495910644531,42.7561063855
5142.46626997,3.78112792969,0.545501708984,42.7563965577
5144.4716959,3.77899169922,0.499725341797,42.7566876863
5146.47717094,3.77960205078,0.583648681641,42.7569894473
5148.48259187,3.77655029297,0.465393066406,42.7572816376
5150.48809505,3.7744140625,0.553131103516,42.7575653395
5152.49338388,3.77349853516,0.461578369141,42.7578479486
5154.49889898,3.77166748047,0.476837158203,42.7581093384
5156.50427485,3.77105712891,0.499725341797,42.7583813349
5158.50967097,3.76922607422,0.507354736328,42.7586618341
5160.51503801,3.77227783203,0.476837158203,42.7589359544
5162.52051806,3.76739501953,0.465393066406,42.7591984022
5164.52590895,3.76678466797,0.54931640625,42.7594810257
5166.53117204,3.76556396484,0.453948974609,42.7597604439
5168.53662801,3.76525878906,0.453948974609,42.7600133257
5170.5421629,3.76251220703,0.484466552734,42.7602747181
5172.54752803,3.76251220703,0.598907470703,42.7605764626
5174.552948,3.76037597656,0.514984130859,42.7608867155
5176.55840802,3.759765625,0.492095947266,42.7611672236
5178.56386805,3.75549316406,0.492095947266,42.7614413566
5180.5691359,3.75671386719,0.434875488281,42.7616995269
5182.57459188,3.75671386719,0.469207763672,42.7619513462
5184.57995701,3.75518798828,0.511169433594,42.7622244038
5186.58548999,3.75549316406,0.480651855469,42.7625006719
5188.59090686,3.75244140625,0.526428222656,42.762781174
5190.59625101,3.75274658203,0.495910644531,42.7630659158
5192.60163188,3.75305175781,0.465393066406,42.7633336631
5194.60697484,3.75091552734,0.518798828125,42.7636077801
5196.61235905,3.75,0.499725341797,42.7638914651
5198.61777186,3.75152587891,0.476837158203,42.7641634666
5200.62314987,3.74847412109,0.476837158203,42.7644290885
