238.82038784,3.55285644531,32.3600769043,37.8113689419
240.825857878,3.54949951172,28.0532836914,37.8281963287
242.831200838,3.55377197266,33.1916809082,37.8452542674
244.836689949,3.55010986328,28.7628173828,37.8625110829
246.84216094,3.55407714844,31.8717956543,37.8794001048
248.847450018,3.55255126953,28.4652709961,37.8962047243
250.853133917,3.55377197266,32.0243835449,37.9130551585
252.85859704,3.55316162109,29.3998718262,37.9301640584
254.86401391,3.55438232422,30.7998657227,37.9469314985
256.869371891,3.55377197266,31.1012268066,37.964172311
258.874897957,3.55010986328,29.3464660645,37.981009731
260.880394936,3.55834960938,32.4249267578,37.9982156118
262.885810852,3.55102539062,31.8717956543,38.0161241771
264.891320944,3.55621337891,29.1213989258,38.0331134087
266.896677017,3.55346679688,29.9797058105,38.0495743475
268.902118921,3.55865478516,32.585144043,38.0670007602
270.90742898,3.56140136719,32.71484375,38.085187805
272.912902832,3.5595703125,31.566619873,38.1030926375
274.918448925,3.55682373047,28.6254882812,38.119859033
276.923959017,3.55926513672,31.5399169922,38.1366176896
278.929518938,3.56140136719,33.145904541,38.1546359245
280.935158014,3.56048583984,30.517578125,38.1723700868
282.940566063,3.56109619141,28.6026000977,38.1888367647
284.945991993,3.55926513672,29.613494873,38.2050517739
286.951581955,3.56079101562,30.9600830078,38.2219247961
288.957172871,3.56384277344,32.2761535645,38.2395395214
290.962558031,3.56201171875,31.4292907715,38.2572831259
292.968091011,3.47625732422,0.537872314453,38.2661874592
294.973458052,3.46954345703,0.560760498047,38.2664934539
296.978932858,3.46221923828,0.537872314453,38.2667994651
298.984227896,3.46008300781,0.560760498047,38.2671054489
300.989801884,3.45642089844,0.54931640625,38.2674146629
302.995193958,3.45428466797,0.556945800781,38.2677227865
305.000761032,3.45001220703,0.572204589844,38.2680373124
307.006728888,3.44879150391,0.453948974609,38.2683232056
309.012258053,3.44543457031,0.553131103516,38.2686037235
311.017741919,3.44451904297,0.564575195312,38.2689150487
313.023285866,3.44085693359,0.587463378906,38.2692359465
315.028815031,3.43872070312,0.560760498047,38.2695557794
317.034388065,3.4375,0.568389892578,38.2698703062
319.039996862,3.43536376953,0.553131103516,38.2701827135
321.045448065,3.43231201172,0.572204589844,38.2704961588
323.050886869,3.43353271484,0.560760498047,38.2708117271
325.056299925,3.43231201172,0.518798828125,38.2711124163
327.061661005,3.43078613281,0.568389892578,38.2714152227
329.067186832,3.43383789062,0.560760498047,38.2717297422
331.072626829,3.42834472656,0.553131103516,38.2720399981
333.078075886,3.42895507812,0.534057617188,38.2723428178
335.083591938,3.42590332031,0.54931640625,38.272644585
337.089169979,3.42712402344,0.656127929688,38.2729803646
339.094519854,3.42407226562,0.568389892578,38.2733214183
341.099930048,3.42315673828,0.534057617188,38.2736284821
343.105391026,3.42163085938,0.495910644531,38.2739153656
345.110991955,3.42163085938,0.545501708984,38.2742054569
347.115460873,3.41979980469,0.633239746094,38.2745336167
349.121896029,3.41979980469,0.560760498047,38.2748663506
351.127320051,3.41644287109,0.568389892578,38.2751808541
353.132714033,3.41918945312,0.537872314453,38.275488978
355.138069868,3.42132568359,0.530242919922,38.2757864712
357.14358902,3.41735839844,0.564575195312,38.2760914266
359.149096012,3.41400146484,0.728607177734,38.276451633
361.154595852,3.41644287109,0.621795654297,38.2768277764
363.160088062,3.4130859375,0.644683837891,38.2771805423
365.165653944,3.41552734375,0.530242919922,38.2775078192
367.171032906,3.41979980469,0.545501708984,38.2778074408
369.176337004,3.41369628906,0.545501708984,38.278111301
371.182448864,3.41369628906,0.522613525391,38.2784089064
373.187914848,3.41186523438,0.545501708984,38.2787064159
375.193475962,3.41278076172,0.579833984375,38.2790198783
377.198987961,3.41033935547,0.625610351562,38.2793556468
379.20448494,3.41125488281,0.587463378906,38.2796935379
381.209887028,3.41064453125,0.614166259766,38.2800282255
383.215318918,3.41033935547,0.54931640625,38.2803522929
385.22074604,3.40728759766,0.606536865234,38.2806742345
387.226222038,3.40942382812,0.553131103516,38.2809972465
389.231847048,3.40881347656,0.560760498047,38.281307531
391.237236977,3.41094970703,0.556945800781,38.2816188417
393.242555857,3.41094970703,0.545501708984,38.2819258915
395.248031855,3.40423583984,0.556945800781,38.2822329654
397.253440857,3.40789794922,0.564575195312,38.2825453416
399.258919001,3.41094970703,0.545501708984,38.2828545409
401.263442039,3.40698242188,0.545501708984,38.2831582828
403.269891024,3.40637207031,0.553131103516,38.2834644426
405.275372028,3.40728759766,0.556945800781,38.2837736423
407.280892849,3.40637207031,0.507354736328,38.2840700974
409.286192894,3.40515136719,0.530242919922,38.2843590828
411.291697979,3.40576171875,0.572204589844,38.2846661612
413.297267914,3.40484619141,0.499725341797,38.2849647487
415.302669048,3.40484619141,0.530242919922,38.2852516236
417.308151007,3.40637207031,0.541687011719,38.2855501981
419.313714981,3.40362548828,0.507354736328,38.2858424093
421.31912303,3.40728759766,0.48828125,38.2861197227
423.32446003,3.40362548828,0.564575195312,38.2864129632
425.33000803,3.40393066406,0.545501708984,38.2867221733
427.335538864,3.40362548828,0.545501708984,38.2870260679
429.341002941,3.4033203125,0.591278076172,38.2873427027
431.346595049,3.40301513672,0.526428222656,38.2876540448
433.352102995,3.40362548828,0.556945800781,38.2879558108
435.357522964,3.40667724609,0.476837158203,38.2882437509
