4408.39732289,3.54217529297,28.736114502,39.9749848144
4410.40271401,3.54736328125,31.0440063477,39.9916351649
4412.40818405,3.5498046875,32.6614379883,40.0093795204
4414.413589,3.54614257812,31.4712524414,40.0272423003
4416.41889405,3.54797363281,30.1284790039,40.0443987242
4418.42425084,3.54949951172,31.8870544434,40.0616714008
4420.42972589,3.54827880859,32.0854187012,40.0794901783
4422.4351759,3.54553222656,29.0565490723,40.0965203394
4424.43944192,3.54797363281,32.7835083008,40.1137347736
4426.44612598,3.55224609375,31.7878723145,40.1317312125
4428.45153904,3.55041503906,30.9791564941,40.1492136874
4430.45682406,3.55102539062,27.9426574707,40.1656241084
4432.46223688,3.55316162109,32.1884155273,40.1823723896
4434.46764088,3.55804443359,31.4826965332,40.2001065983
4436.47144198,3.55072021484,28.9726257324,40.2169316596
4438.47856092,3.5546875,29.3769836426,40.2331975771
4440.48401093,3.55590820312,32.2914123535,40.2503743668
4442.4894309,3.55499267578,31.5971374512,40.2681692798
4444.49468303,3.55621337891,29.613494873,40.285216884
4446.50171685,3.56018066406,32.4859619141,40.3025273993
4448.50747299,3.55712890625,32.6538085938,40.3206738569
4450.51373005,3.55499267578,30.9906005859,40.3384081687
4452.51912284,3.55865478516,28.5949707031,40.3550043458
4454.52468586,3.55834960938,30.7655334473,40.3715392391
4456.53018284,3.55895996094,31.5895080566,40.3889076901
4458.53559303,3.56109619141,32.6919555664,40.4068119544
4460.54105806,3.55987548828,29.4418334961,40.4241185018
4462.54667187,3.56140136719,29.972076416,40.4406686904
4464.55213094,3.56506347656,29.2587280273,40.4571666006
4466.55750895,3.56536865234,33.576965332,40.4746678947
4468.56285405,3.56262207031,30.2124023438,40.4924345192
4470.56820893,3.56597900391,28.8963317871,40.5088975732
4472.57357097,3.57055664062,32.7377319336,40.526064047
4474.58258796,3.56964111328,33.3023071289,40.5444912082
4476.58809304,3.56842041016,29.6363830566,40.5620223003
4478.59362698,3.56842041016,30.0331115723,40.578643022
4480.59901285,3.56414794922,29.0107727051,40.595088268
4482.6043849,3.57421875,32.3295593262,40.6121730163
4484.60969806,3.57208251953,29.9682617188,40.6295239385
4486.61518002,3.57330322266,28.2440185547,40.6457383382
4488.62058687,3.58184814453,31.8565368652,40.6624780696
4490.62713504,3.57330322266,30.9104919434,40.67997044
4492.63248706,3.58123779297,32.844543457,40.6977275634
4494.63802195,3.51043701172,0.541687011719,40.7070271815
4496.64334989,3.5009765625,0.534057617188,40.7073267955
4498.64868689,3.49578857422,0.537872314453,40.7076253484
4500.65414906,3.48999023438,0.530242919922,40.7079228574
4502.65964293,3.48602294922,0.530242919922,40.7082182459
4504.66503096,3.48388671875,0.534057617188,40.7085146814
4506.67042685,3.47839355469,0.507354736328,40.7088047431
4508.67586398,3.47564697266,0.514984130859,40.7090894982
4510.68126583,3.46862792969,0.541687011719,40.7093838107
4512.68660402,3.46984863281,0.541687011719,40.7096855512
4514.69205189,3.46771240234,0.545501708984,40.7099883706
4516.69740391,3.46374511719,0.572204589844,40.7102996754
4518.70302701,3.46282958984,0.545501708984,40.7106110223
4520.70849991,3.46038818359,0.541687011719,40.7109138456
4522.71389198,3.45825195312,0.507354736328,40.7112060317
4524.71931195,3.46069335938,0.499725341797,40.7114865343
4526.72466397,3.45611572266,0.534057617188,40.7117744647
4528.73009491,3.45367431641,0.537872314453,40.7120730315
4530.73548794,3.45184326172,0.507354736328,40.7123641553
4532.74088502,3.44940185547,0.553131103516,40.7126595296
4534.74639606,3.44848632812,0.545501708984,40.7129655463
4536.75179005,3.44665527344,0.530242919922,40.7132651702
4538.75717688,3.44512939453,0.503540039062,40.7135531056
4540.76268792,3.44879150391,0.522613525391,40.7138389337
4542.76814103,3.44329833984,0.511169433594,40.7141268786
4544.77365398,3.44299316406,0.537872314453,40.7144190823
4546.77907991,3.44085693359,0.522613525391,40.7147144609
4548.78440094,3.43780517578,0.499725341797,40.7149991994
4550.78994989,3.43841552734,0.545501708984,40.7152903458
4552.79535198,3.43780517578,0.553131103516,40.7155963459
4554.80058789,3.4375,0.514984130859,40.7158938213
4556.80610299,3.43719482422,0.564575195312,40.7161945258
4558.81166506,3.43505859375,0.530242919922,40.7164994877
4560.81706405,3.43231201172,0.511169433594,40.7167895498
4562.82252288,3.43566894531,0.545501708984,40.7170838707
4564.82793283,3.43231201172,0.534057617188,40.7173845595
4566.83338284,3.43139648438,0.511169433594,40.7176756915
4568.8385849,3.43078613281,0.579833984375,40.7179795363
4570.84397984,3.43078613281,0.530242919922,40.7182887228
4572.84950185,3.43017578125,0.530242919922,40.7185841155
4574.85500789,3.42926025391,0.556945800781,40.7188869438
4576.86048293,3.43353271484,0.534057617188,40.7191908299
4578.86600995,3.427734375,0.499725341797,40.7194787854
4580.87136889,3.42651367188,0.545501708984,40.7197699042
4582.87673903,3.42681884766,0.530242919922,40.7200695245
4584.882128,3.43231201172,0.457763671875,40.7203447103
4586.88760686,3.42498779297,0.541687011719,40.720623096
4588.89300203,3.42468261719,0.492095947266,40.7209110326
4590.89855599,3.42254638672,0.568389892578,40.72120643
4592.90406299,3.4228515625,0.511169433594,40.7215071333
4594.90940499,3.4228515625,0.530242919922,40.7217971872
4596.91480803,3.42346191406,0.556945800781,40.7220999999
4598.92029905,3.42224121094,0.541687011719,40.7224060136
4600.92581701,3.42315673828,0.518798828125,40.7227014057
4602.93127704,3.42254638672,0.526428222656,40.7229925392
4604.93673897,3.42041015625,0.522613525391,40.7232847355
