5401.16992784,3.16833496094,-83.309173584,41.1426083562
5403.17543602,3.16650390625,-83.2481384277,41.0962150156
5405.18137693,3.16558837891,-83.2443237305,41.049829732
5407.18716598,3.16558837891,-83.1832885742,41.0034660263
5409.19257784,3.16253662109,-83.0841064453,40.9571556643
5411.19808102,3.16345214844,-83.1680297852,40.9108474438
5413.20357084,3.16558837891,-83.0841064453,40.8645395316
5415.20899105,3.16253662109,-83.1146240234,40.8182481021
5417.214293,3.16131591797,-83.0612182617,40.771965777
5419.21978402,3.16131591797,-83.1031799316,40.7256822758
5421.22555685,3.15948486328,-83.0383300781,40.6793986471
5423.23139,3.16619873047,-82.935333252,40.6331603866
5425.23684287,3.15765380859,-82.9887390137,40.5869447051
5427.24228001,3.15734863281,-82.9277038574,40.5407315112
5429.24762607,3.15521240234,-82.9582214355,40.4945289158
5431.25294304,3.15551757812,-82.9124450684,40.4483312404
5433.25867605,3.15887451172,-82.8514099121,40.4021537354
5435.26407599,3.15460205078,-82.8895568848,40.3559902735
5437.26949787,3.15399169922,-82.8170776367,40.3098358694
5439.27512097,3.15002441406,-82.8552246094,40.2636863976
5441.28053784,3.15246582031,-82.8514099121,40.2175321087
5443.28587484,3.15399169922,-82.7980041504,40.1713955949
5445.29119396,3.15185546875,-82.7484130859,40.1252881789
5447.29672599,3.15063476562,-82.7789306641,40.0791811804
5449.30210805,3.15216064453,-82.7903747559,40.0330659422
5451.30753303,3.15063476562,-82.7331542969,39.9869624673
5453.31298089,3.14880371094,-82.7369689941,39.9408733415
5455.31844902,3.14910888672,-82.6263427734,39.894813501
5457.32382989,3.14819335938,-82.706451416,39.8487641646
5459.32914186,3.14666748047,-82.7102661133,39.8026930364
5461.33463192,3.14758300781,-82.6225280762,39.7566411925
5463.34012794,3.14697265625,-82.6148986816,39.7106157754
5465.34555984,3.15002441406,-82.7140808105,39.6645663299
5467.35105586,3.14575195312,-82.6301574707,39.6185111615
5469.35640001,3.27850341797,0.461578369141,39.5956255671
5471.36187601,3.28918457031,0.408172607422,39.5958678261
5473.367208,3.29681396484,0.415802001953,39.5960973181
5475.37260103,3.16864013672,-82.0655822754,39.5733556653
5477.37800598,3.16009521484,-82.1342468262,39.5276213389
5479.38360906,3.15643310547,-82.1266174316,39.4818654925
5481.38900495,3.15399169922,-82.1228027344,39.4361175603
5483.39443398,3.15185546875,-82.0846557617,39.3903805597
5485.39980006,3.14788818359,-82.1418762207,39.3446396822
5487.40517187,3.15032958984,-82.0465087891,39.2989092991
5489.41061687,3.14819335938,-82.0388793945,39.2532059349
5491.416049,3.14788818359,-82.1228027344,39.2074816139
5493.42147899,3.14636230469,-82.0388793945,39.1617573417
5495.42696285,3.15643310547,-82.0808410645,39.116043529
5497.43236899,3.14453125,-82.0121765137,39.0703389255
5499.43775296,3.14422607422,-82.0159912109,39.0246528897
5501.44303989,3.14361572266,-82.03125,38.9789637523
5503.44857287,3.14361572266,-81.974029541,38.9332806972
5505.45395494,3.14117431641,-82.0159912109,38.8876053297
5507.45941091,3.14147949219,-81.9969177246,38.8419219037
5509.464818,3.14178466797,-81.9473266602,38.796258716
5511.47037983,3.14575195312,-81.9664001465,38.7506005058
5513.47575688,3.13995361328,-81.8862915039,38.7049635019
5515.48101401,3.13903808594,-81.9053649902,38.6593462259
5517.4864819,3.13873291016,-81.9244384766,38.61371353
5519.49191093,3.13934326172,-81.8824768066,38.5680880935
5521.49733806,3.13873291016,-81.859588623,38.5224807631
5523.50276303,3.13781738281,-81.8672180176,38.4768777315
5525.50821805,3.13690185547,-81.8901062012,38.4312655166
5527.513659,3.13781738281,-81.8862915039,38.385648309
5529.51895404,3.13690185547,-81.8405151367,38.3400482322
5531.52432489,3.13568115234,-81.8328857422,38.2944613061
5533.529742,3.13537597656,-81.8214416504,38.2488786411
5535.53532386,3.13568115234,-81.6764831543,38.2033357978
5537.54068089,3.13446044922,-81.7985534668,38.1578044348
5539.54624295,3.13446044922,-81.7527770996,38.1122471648
5541.55159998,3.13201904297,-81.7527770996,38.066707302
5543.55696487,3.13354492188,-81.7604064941,38.0211651355
5545.56234884,3.13018798828,-81.8328857422,37.9756002237
5547.56784797,3.13262939453,-81.7947387695,37.9300231323
5549.57319784,3.13293457031,-81.7260742188,37.8844791821
5551.57864404,3.13018798828,-81.7909240723,37.8389341068
5553.58403397,3.13110351562,-81.7031860352,37.7933966843
5555.58927393,3.13323974609,-81.7985534668,37.7478605423
5557.59471893,3.13110351562,-81.7108154297,37.7023176191
5559.60019898,3.13049316406,-81.7031860352,37.6568004636
5561.60559893,3.12927246094,-81.7527770996,37.6112734387
5563.61101198,3.12957763672,-81.6612243652,37.5657578037
5565.61542797,3.13171386719,-81.6650390625,37.520289224
5567.62186098,3.12683105469,-81.6383361816,37.4747812681
5569.62716484,3.12866210938,-81.657409668,37.4293010473
5571.63256788,3.12408447266,-81.6535949707,37.3838143271
5573.63800001,3.12805175781,-81.6345214844,37.3383333223
5575.64347005,3.12835693359,-81.6497802734,37.2928525202
5577.64884305,3.13018798828,-81.6307067871,37.2473749813
5579.65429497,3.12713623047,-81.6459655762,37.2018967152
5581.65956187,3.12561035156,-81.5505981445,37.1564449557
5583.66517401,3.12561035156,-81.5582275391,37.1110098113
5585.67067385,3.12652587891,-81.5582275391,37.0655750856
5587.67604589,3.12194824219,-81.4018249512,37.020186817
5589.68144703,3.12561035156,-81.5391540527,36.9748032026
5591.68689704,3.125,-81.5734863281,36.9293706683
5593.69227386,3.12561035156,-81.54296875,36.8839387298
5595.69765401,3.12438964844,-81.5582275391,36.8385109657
5597.70293784,3.12438964844,-81.5124511719,36.7930938829
