2224.30702901,3.31329345703,0.438690185547,29.857481657
2226.31239986,3.31329345703,0.438690185547,29.8577260282
2228.31781197,3.31848144531,0.431060791016,29.8579682795
2230.32323384,3.31481933594,0.434875488281,29.8582094694
2232.32866788,3.31573486328,0.42724609375,29.8584495983
2234.33414006,3.31665039062,0.446319580078,29.8586929194
2236.33951783,3.31665039062,0.400543212891,29.8589287916
2238.34498,3.31665039062,0.431060791016,29.8591604236
2240.35036802,3.31909179688,0.450134277344,29.8594058594
2242.35580587,3.31939697266,0.446319580078,29.8596555514
2244.36129284,3.3203125,0.404357910156,29.859892499
2246.36651993,3.31909179688,0.522613525391,29.8601506641
2248.3719449,3.32122802734,0.453948974609,29.8604226672
2250.37739491,3.32153320312,0.419616699219,29.8606659856
2252.38285089,3.3203125,0.423431396484,29.8609008045
2254.38823295,3.32000732422,0.469207763672,29.861149427
2256.39380693,3.32366943359,0.438690185547,29.8614023238
2258.39923286,3.32397460938,0.461578369141,29.8616530768
2260.40446591,3.32977294922,0.457763671875,29.8619091178
2262.40998101,3.3251953125,0.431060791016,29.8621566943
2264.41535401,3.32550048828,0.419616699219,29.8623936284
2266.42073083,3.32580566406,0.415802001953,29.8626263131
2268.42623091,3.32580566406,0.415802001953,29.8628579494
2270.43171287,3.32061767578,0.423431396484,29.8630917088
2272.437047,3.32672119141,0.434875488281,29.8633307633
2274.44242787,3.32763671875,0.415802001953,29.8635676983
2276.44783688,3.32305908203,0.392913818359,29.8637929491
2278.453264,3.32702636719,0.446319580078,29.8640267021
2280.45875287,3.32885742188,0.400543212891,29.8642625874
2282.46343589,3.32855224609,0.431060791016,29.8644941294
2284.469697,3.3251953125,0.362396240234,29.8647152241
2286.47511888,3.32916259766,0.415802001953,29.8649319763
2288.48042393,3.330078125,0.431060791016,29.8651678399
2290.48632789,3.33038330078,0.415802001953,29.865403774
2292.493016,3.32489013672,0.358581542969,29.8656195999
2294.49919295,3.33038330078,0.450134277344,29.865844937
2296.50512695,3.33099365234,0.473022460938,29.8661021302
2298.51179504,3.33190917969,0.453948974609,29.8663604808
2300.51763797,3.33160400391,0.438690185547,29.8666091605
2302.52384686,3.33129882812,0.389099121094,29.8668398158
2304.53007197,3.33587646484,0.431060791016,29.8670683471
2306.53552699,3.33221435547,0.453948974609,29.8673148537
2308.5423789,3.33282470703,0.453948974609,29.8675679116
2310.54823589,3.33374023438,0.404357910156,29.8678070284
2312.55412698,3.33221435547,0.48828125,29.8680557141
2314.560045,3.33221435547,0.3662109375,29.8682937753
2316.56606603,3.33068847656,0.400543212891,29.8685074038
2318.57184291,3.33465576172,0.434875488281,29.8687401349
2320.57787585,3.33465576172,0.419616699219,29.8689782098
2322.583709,3.33862304688,0.434875488281,29.869216261
2324.58966494,3.33526611328,0.411987304688,29.8694522012
2326.59584188,3.3349609375,0.438690185547,29.8696892303
2328.60202599,3.33526611328,0.461578369141,29.8699400781
2330.60760784,3.39263916016,32.8903198242,29.8792303506
2332.61355305,3.39294433594,32.3486328125,29.8974061512
2334.61926603,3.39935302734,32.3143005371,29.9154193853
2336.62525988,3.3984375,28.2936096191,29.9323053706
2338.63131285,3.40301513672,32.1502685547,29.9491461514
2340.63752294,3.40270996094,31.623840332,29.9669161876
2342.64286399,3.40667724609,28.80859375,29.9837478044
2344.64824605,3.40667724609,30.689239502,30.0003194554
2346.65381789,3.40728759766,31.2576293945,30.0175748576
2348.65926194,3.41156005859,32.0434570312,30.0352063559
2350.66473794,3.4130859375,31.9061279297,30.0530187666
2352.67028904,3.42315673828,31.3148498535,30.0706288919
2354.67571998,3.40942382812,31.2652587891,30.0880594593
2356.68106198,3.41339111328,32.3181152344,30.1057686831
2358.68659902,3.41644287109,30.1818847656,30.1231778587
2360.69201303,3.42041015625,31.5704345703,30.1403777151
2362.69753003,3.41033935547,28.678894043,30.1571598058
2364.703125,3.42102050781,33.0772399902,30.1743622769
2366.70858002,3.41918945312,32.5965881348,30.1926547642
2368.71404004,3.41949462891,32.2799682617,30.2107252281
2370.71944189,3.41613769531,29.9263000488,30.2280514177
2372.72488093,3.41735839844,28.3737182617,30.2442899084
2374.73035288,3.41827392578,30.4946899414,30.2606869836
2376.73584104,3.42376708984,32.4821472168,30.2782285532
2378.74155903,3.41796875,28.4118652344,30.2951919166
2380.74701285,3.42407226562,32.6499938965,30.312199797
2382.75274801,3.42376708984,28.2897949219,30.3291760577
2384.75812387,3.42346191406,30.330657959,30.3455032856
2386.76353884,3.427734375,34.0919494629,30.3634469052
2388.76905084,3.42224121094,28.2783508301,30.3808197365
2390.77442288,3.42559814453,30.9410095215,30.3973137435
2392.77984595,3.42590332031,31.8031311035,30.4147899306
2394.78537107,3.42376708984,28.4843444824,30.4315827148
2396.79073191,3.42926025391,32.8941345215,30.4486779923
2398.79603887,3.42926025391,32.169342041,30.4667991371
2400.80149794,3.42742919922,30.4489135742,30.4842405744
2402.80696797,3.43170166016,32.8712463379,30.5018776138
2404.81235003,3.42803955078,29.6058654785,30.5192790692
2406.81876493,3.42956542969,30.4985046387,30.536028278
2408.824229,3.43170166016,30.6587219238,30.5530628087
2410.82953787,3.43292236328,33.2183837891,30.5708535485
2412.83529806,3.43292236328,32.1083068848,30.5890521145
2414.84072995,3.42712402344,28.3241271973,30.6058844938
2416.84616399,3.43292236328,32.9513549805,30.6229517073
2418.85167599,3.43139648438,30.6777954102,30.6406751829
2420.85713792,3.43322753906,29.0565490723,30.657313371
