3812.72744584,3.48022460938,31.5933227539,34.8876906927
3814.73465204,3.47778320312,32.1960449219,34.9054738058
3816.74013186,3.47412109375,30.5519104004,34.92295155
3818.74558306,3.47595214844,31.4636230469,34.9402250397
3820.75105596,3.47564697266,30.7540893555,34.9575550308
3822.75654602,3.47747802734,32.7682495117,34.9752485613
3824.76206994,3.47473144531,29.296875,34.9925364907
3826.76750088,3.47808837891,31.8069458008,35.0095558647
3828.77299595,3.47625732422,30.4565429688,35.026898798
3830.77888703,3.47686767578,30.1208496094,35.0437754163
3832.78430891,3.48266601562,32.6347351074,35.0612547805
3834.79035401,3.47717285156,29.4570922852,35.0785546425
3836.79653287,3.47747802734,30.3764343262,35.0952264142
3838.80247784,3.47930908203,31.0821533203,35.1123489898
3840.80747104,3.47930908203,31.8412780762,35.1298713581
3842.81452799,3.48052978516,32.0091247559,35.147670163
3844.82077599,3.47778320312,29.4990539551,35.1648091436
3846.82744503,3.47503662109,27.8587341309,35.1807949905
3848.83329105,3.47900390625,29.5791625977,35.1967965984
3850.83888292,3.48236083984,29.5219421387,35.2132594727
3852.84433198,3.48052978516,31.3529968262,35.230215249
3854.85047388,3.48419189453,30.2734375,35.2473862729
3856.8563509,3.47900390625,28.8963317871,35.2638706174
3858.86242604,3.48052978516,30.8303833008,35.2805117672
3860.86859488,3.48327636719,31.063079834,35.2977574251
3862.87415099,3.48205566406,29.7393798828,35.3146939174
3864.88029003,3.48419189453,33.2336425781,35.3322401172
3866.88656783,3.47961425781,28.980255127,35.3495760008
3868.89206386,3.48510742188,32.4325561523,35.3666819937
3870.89768004,3.486328125,32.6118469238,35.3848006198
3872.90324903,3.48236083984,30.3077697754,35.4023269575
3874.90873599,3.48724365234,30.4412841797,35.4192479903
3876.91424799,3.48510742188,33.3824157715,35.4370256564
3878.91973901,3.47930908203,29.7508239746,35.4546108154
3880.92524695,3.48663330078,31.9595336914,35.4717997894
3882.93091202,3.48358154297,31.2652587891,35.489411978
3884.93633485,3.48358154297,30.3535461426,35.5065747222
3886.94165087,3.47961425781,33.3862304688,35.524327277
3888.94720697,3.486328125,32.0014953613,35.5425409927
3890.95261598,3.48083496094,28.1753540039,35.5593019921
3892.95803785,3.48602294922,33.0619812012,35.576358477
3894.96356702,3.48236083984,28.5301208496,35.5935146933
3896.96902394,3.48052978516,30.8647155762,35.6100582747
3898.974648,3.48785400391,33.863067627,35.6280887745
3900.97999501,3.48327636719,28.5034179688,35.6454591142
3902.98546386,3.48754882812,32.6499938965,35.6624926229
3904.99105692,3.48663330078,32.1083068848,35.6805313449
3906.99735785,3.48236083984,28.003692627,35.6972817283
3909.00309587,3.48266601562,29.6173095703,35.7133334831
3911.00872207,3.486328125,29.6211242676,35.7298348935
3913.01526189,3.48815917969,32.6728820801,35.7471953664
3915.02062392,3.48022460938,30.330657959,35.7647432701
3917.02680898,3.48846435547,32.3638916016,35.7822122796
3919.03305197,3.48419189453,31.4025878906,35.7999804814
3921.03903103,3.48907470703,32.9055786133,35.8178972641
3923.04497695,3.48785400391,30.9104919434,35.8356766511
3925.05115199,3.48785400391,30.8303833008,35.8528798459
3927.05732703,3.48907470703,31.421661377,35.8702254707
3929.06379485,3.48846435547,32.543182373,35.888050943
3931.07000804,3.48602294922,29.4418334961,35.9053224925
3933.07599092,3.49060058594,32.6499938965,35.9226218178
3935.08211899,3.48937988281,29.9110412598,35.9400531302
3937.08811092,3.48785400391,30.5595397949,35.9569008382
3939.09404397,3.49182128906,32.6194763184,35.9745026266
3941.10047603,3.49334716797,32.054901123,35.9925255077
3943.10594988,3.49273681641,28.4996032715,36.0093922404
3945.11136603,3.49060058594,32.0091247559,36.0262457377
3947.11676097,3.48876953125,29.899597168,36.0434889929
3949.12233996,3.48846435547,28.4996032715,36.0597562443
3951.12805295,3.48846435547,29.3769836426,36.0758789973
3953.13347197,3.49182128906,31.9557189941,36.0929620207
3955.13904691,3.49090576172,32.2418212891,36.1108443787
3957.14433098,3.48907470703,29.1557312012,36.127944314
3959.15011501,3.48602294922,27.8663635254,36.1438295928
3961.15544796,3.49334716797,33.9736938477,36.1610531906
3963.16092396,3.49090576172,30.590057373,36.1790366703
3965.16633892,3.49517822266,30.086517334,36.1959369079
3967.17191505,3.49426269531,32.543182373,36.2133825511
3969.17736006,3.49182128906,31.177520752,36.2311309352
3971.18271494,3.49395751953,31.0401916504,36.2484599065
3973.18868184,3.48907470703,28.377532959,36.2650140716
3975.19493389,3.49548339844,30.8494567871,36.2815174424
3977.20064497,3.49304199219,30.387878418,36.2985763871
3979.20689797,3.49609375,32.9666137695,36.3162298788
3981.21342397,3.49273681641,30.7235717773,36.333979325
3983.21950483,3.49182128906,29.5906066895,36.3507842027
3985.22569203,3.49639892578,33.7333679199,36.368428612
3987.23190784,3.49090576172,28.6331176758,36.3858064773
3989.23789907,3.49670410156,30.9638977051,36.4024107953
3991.24408484,3.49456787109,28.9993286133,36.4191187635
3993.25018287,3.49365234375,31.9747924805,36.4361076613
3995.256212,3.49517822266,31.9519042969,36.453918608
3997.26169991,3.49670410156,33.2260131836,36.4720732644
3999.26699686,3.49212646484,29.2854309082,36.4894835432
4001.27245498,3.49578857422,31.5589904785,36.5064308958
4003.27790499,3.49334716797,31.2080383301,36.5239136929
4005.28356504,3.49365234375,30.1666259766,36.5410104585
4007.28920603,3.49365234375,29.0756225586,36.5575130532
4009.29481292,3.49395751953,29.0908813477,36.5737157117
