6989.53356385,3.48327636719,31.6314697266,37.2395823534
6991.53891706,3.48388671875,32.3638916016,37.2574064233
6993.54429293,3.47869873047,31.4979553223,37.2751935076
6995.54980803,3.48358154297,32.6156616211,37.2930519557
6997.55525804,3.48419189453,32.9322814941,37.3113093339
6999.56064892,3.48602294922,33.9317321777,37.3299327344
7001.56598401,3.48297119141,31.4674377441,37.3481476303
7003.57136798,3.48175048828,30.143737793,37.3653079169
7005.57669091,3.48236083984,28.0799865723,37.3815242183
7007.58211303,3.47961425781,28.0799865723,37.3971665033
7009.58748388,3.48327636719,29.4532775879,37.4131908826
7011.59295392,3.48175048828,28.7475585938,37.4294019983
7013.59844303,3.48236083984,28.4652709961,37.4453380687
7015.60372305,3.48663330078,29.9377441406,37.4616039575
7017.60897088,3.48480224609,32.1006774902,37.4788820701
7019.614434,3.48541259766,31.2767028809,37.4965349866
7021.61979198,3.48510742188,32.7262878418,37.5143612239
7023.62514901,3.48663330078,32.2761535645,37.5324658215
7025.63051796,3.48571777344,31.8336486816,37.5503219057
7027.63592696,3.48449707031,30.7197570801,37.567744845
7029.64126205,3.48388671875,29.7737121582,37.5845934113
7031.64667487,3.48449707031,29.5028686523,37.6011036911
7033.65214396,3.48663330078,29.7164916992,37.6175984962
7035.657655,3.48541259766,30.9600830078,37.6344995435
7037.6630249,3.48236083984,29.1748046875,37.6512485287
7039.66841388,3.48205566406,29.7088623047,37.6676491755
7041.67371392,3.48693847656,28.5835266113,37.6838844158
7043.67911291,3.48693847656,30.1322937012,37.7002383945
7045.68453693,3.48968505859,30.4145812988,37.717102583
7047.68997884,3.48663330078,31.1851501465,37.7342601779
7049.69537497,3.48815917969,31.9976806641,37.7518583173
7051.70086884,3.49365234375,32.7796936035,37.7699014601
7053.70631886,3.48999023438,32.787322998,37.7881641509
7055.71165395,3.48846435547,32.9284667969,37.8064672314
7057.71692204,3.48419189453,30.1475524902,37.8240344993
7059.72249198,3.48999023438,32.1311950684,37.8413823304
7061.72782898,3.48449707031,27.946472168,37.8581151039
7063.73327088,3.48571777344,28.4690856934,37.8738287322
7065.73865104,3.48571777344,28.9421081543,37.8898191862
7067.74418402,3.48541259766,28.3126831055,37.9057672934
7069.74950004,3.48968505859,31.1813354492,37.9223373362
7071.75484896,3.48999023438,31.7611694336,37.9398681257
7073.76026487,3.48846435547,30.9448242188,37.9573336254
7075.76570392,3.48968505859,31.5475463867,37.9747398254
7077.77114201,3.49182128906,34.3437194824,37.9930927218
7079.77669597,3.49212646484,32.8407287598,38.0118068935
7081.78212786,3.49151611328,33.1382751465,38.0301841711
7083.78758883,3.48693847656,32.3944091797,38.048437399
7085.79285192,3.48876953125,30.1666259766,38.0658611955
7087.79827595,3.48754882812,29.1137695312,38.0823726301
7089.80365491,3.48907470703,29.4799804688,38.0986924459
7091.80745196,3.48846435547,28.1105041504,38.1147201742
7093.81449199,3.4912109375,30.0903320312,38.1309439808
7095.81993484,3.48022460938,29.7660827637,38.1476160113
7097.82526898,3.4912109375,31.0173034668,38.1645453168
7099.83071804,3.49182128906,32.2532653809,38.1821683588
7101.83611488,3.49304199219,33.0390930176,38.2003540656
7103.84156203,3.48968505859,32.6385498047,38.2186475436
7105.84693289,3.48937988281,30.2581787109,38.2361657751
7107.85239697,3.49334716797,30.345916748,38.2530462385
7109.85785794,3.48968505859,29.5372009277,38.2697258573
7111.86309791,3.49456787109,30.3764343262,38.2864121373
7113.86835098,3.49273681641,32.154083252,38.3038273474
7115.87388802,3.49334716797,32.1769714355,38.3217465574
7117.87929106,3.49365234375,33.4777832031,38.3400332581
7119.88463092,3.49060058594,30.4641723633,38.3578423348
7121.89008284,3.49090576172,29.5486450195,38.3745580042
7123.8955009,3.49243164062,29.3350219727,38.3909588888
7125.8992269,3.49151611328,29.2358398438,38.4072588831
7127.90605998,3.49456787109,32.9666137695,38.424596375
7129.91149688,3.49273681641,33.3099365234,38.4430565749
7131.91698599,3.49670410156,31.5284729004,38.4611166755
7133.92238903,3.50036621094,33.0085754395,38.4790920634
7135.92781305,3.49487304688,33.0963134766,38.4975043318
7137.93401194,3.49395751953,31.5284729004,38.5155113004
7139.93976402,3.49578857422,32.0320129395,38.5332177695
7141.94577599,3.49243164062,30.0788879395,38.5505226598
7143.95246005,3.49700927734,32.8330993652,38.5680566156
7145.958395,3.49731445312,28.7742614746,38.5852205543
7147.96413302,3.49548339844,32.1922302246,38.602204278
7149.97027206,3.49426269531,29.2015075684,38.6193104411
7151.97615194,3.49761962891,32.4478149414,38.6364855988
7153.98201585,3.49365234375,29.1481018066,38.6536457413
7155.98742294,3.49578857422,28.5034179688,38.6697033478
7157.99422097,3.49884033203,33.5922241211,38.6870107662
7160.00025702,3.49426269531,29.972076416,38.7047208048
7162.00622392,3.5009765625,29.727935791,38.7213536171
7164.0127759,3.49517822266,28.7322998047,38.73764577
7166.01869106,3.49700927734,32.6118469238,38.7547362081
7168.02453589,3.49578857422,28.1600952148,38.7716666367
7170.03067088,3.49822998047,31.8832397461,38.7883965027
7172.03722787,3.50067138672,29.4990539551,38.8055030403
7174.04336596,3.49914550781,32.1464538574,38.822679346
7176.04906988,3.49029541016,28.1982421875,38.8394895673
7178.05521393,3.50006103516,32.0243835449,38.8562694648
7180.06178188,3.49578857422,28.7246704102,38.8731996183
7182.06768394,3.49884033203,33.3099365234,38.8904823052
7184.07351494,3.50433349609,31.2271118164,38.9084615291
7186.07963204,3.50036621094,32.283782959,38.9261574031
