2422.86483502,3.43170166016,30.2925109863,30.6738626677
2424.87007785,3.43444824219,32.5317382812,30.6913595948
2426.87543988,3.43139648438,28.7857055664,30.7084378828
2428.88090992,3.43902587891,30.8151245117,30.7250389493
2430.88634205,3.43719482422,32.0320129395,30.7425439033
2432.89179492,3.4326171875,28.7284851074,30.759467836
2434.89725399,3.43566894531,31.1584472656,30.7761485015
2436.90289187,3.43658447266,31.0440063477,30.7934756678
2438.90818906,3.43933105469,30.9638977051,30.810745706
2440.91357088,3.43505859375,29.712677002,30.8276456644
2442.91896796,3.43719482422,32.299041748,30.8449176255
2444.92440891,3.4375,31.9595336914,30.8628157892
2446.92993593,3.43475341797,29.3197631836,30.8798848566
2448.935467,3.43444824219,28.4461975098,30.8959753329
2450.94093585,3.43627929688,31.4559936523,30.9126603298
2452.94637084,3.43994140625,33.4358215332,30.9307348183
2454.95146894,3.43902587891,30.3230285645,30.9484907557
2456.95734906,3.43627929688,29.6745300293,30.9652057432
2458.96289492,3.43658447266,28.7551879883,30.9814812263
2460.96929097,3.43566894531,27.7824401855,30.9972363477
2462.97477102,3.44268798828,30.948638916,31.0135952377
2464.98031497,3.44055175781,30.9295654297,31.0308312735
2466.98566294,3.44085693359,32.3333740234,31.0484513023
2468.99091887,3.43688964844,28.5949707031,31.0654203197
2470.99639392,3.44085693359,29.5867919922,31.0816261631
2473.00172591,3.4423828125,32.1311950684,31.098815754
2475.00722003,3.447265625,32.2608947754,31.1167515814
2477.01143885,3.44177246094,30.8303833008,31.1343139045
2479.01814389,3.43902587891,28.80859375,31.1509358262
2481.02347684,3.44177246094,30.2696228027,31.1673902004
2483.02898097,3.44451904297,33.6570739746,31.1851964858
2485.03460503,3.44421386719,32.5889587402,31.2036499075
2487.04008102,3.44482421875,33.504486084,31.2220594655
2489.04558086,3.43994140625,32.1769714355,31.2403544867
2491.05098486,3.44207763672,29.7470092773,31.2576020698
2493.05647206,3.44696044922,28.8696289062,31.2739291417
2495.06193686,3.44024658203,27.8930664062,31.2897396399
2497.0672009,3.44482421875,31.0707092285,31.3061615759
2499.07266402,3.44268798828,31.4064025879,31.3235637347
2501.07813597,3.44482421875,31.1393737793,31.3409850958
2503.08355904,3.44116210938,28.4156799316,31.3575730234
2505.088902,3.44787597656,30.2658081055,31.373916983
2507.09442997,3.45001220703,30.4946899414,31.3908415494
2509.09978104,3.44573974609,31.6467285156,31.4081492383
2511.10502791,3.44329833984,29.9491882324,31.4253041021
2513.110605,3.44482421875,29.7241210938,31.4419262441
2515.11603284,3.44207763672,28.4843444824,31.4581391437
2517.12151504,3.44451904297,29.8347473145,31.4743832965
2519.12702703,3.44390869141,28.9421081543,31.4907551978
2521.13268495,3.44421386719,28.3470153809,31.5067138622
2523.13989091,3.44512939453,28.7017822266,31.5226178464
2525.14558005,3.44482421875,29.8461914062,31.5389274347
2527.15155983,3.44635009766,32.3524475098,31.5562564918
2529.15753603,3.44329833984,29.0145874023,31.5733538268
2531.16368103,3.44787597656,30.6701660156,31.5899838642
2533.16919589,3.45184326172,30.2772521973,31.6069603855
2535.17448092,3.44818115234,31.810760498,31.6242526302
2537.18090892,3.45123291016,33.8973999023,31.6425635598
2539.18712401,3.44879150391,31.7916870117,31.6608672317
2541.19325089,3.44390869141,28.1143188477,31.6775587662
2543.19944692,3.45275878906,31.0249328613,31.694037229
2545.20539594,3.44818115234,30.8418273926,31.7112735577
2547.21195602,3.45275878906,32.3677062988,31.7288893532
2549.21779585,3.44848632812,30.4527282715,31.7463904267
2551.22356987,3.447265625,29.1862487793,31.7630046366
2553.22960091,3.45245361328,32.6766967773,31.7802406072
2555.23536801,3.44757080078,28.450012207,31.7972692103
2557.241781,3.44665527344,28.3355712891,31.813093562
2559.24788404,3.45275878906,33.8897705078,31.8304311241
2561.25421906,3.45001220703,31.7878723145,31.8487327012
2563.26010585,3.44543457031,30.590057373,31.8661109047
2565.26542187,3.45123291016,31.6886901855,31.8834565394
2567.270962,3.45275878906,32.1578979492,31.9012408304
2569.27641201,3.44970703125,32.9055786133,31.9193632678
2571.28197598,3.45336914062,32.7529907227,31.9376524986
2573.28746796,3.45275878906,33.7333679199,31.9561716456
2575.29290295,3.45123291016,31.7726135254,31.9744171994
2577.29828691,3.45092773438,28.881072998,31.9913108008
2579.30369997,3.44787597656,28.7170410156,32.00735358
2581.30907989,3.45367431641,31.4750671387,32.0241185862
2583.31453395,3.45367431641,32.8216552734,32.0420274922
2585.3200109,3.45336914062,33.1230163574,32.0603956198
2587.32547092,3.45245361328,31.4865112305,32.0783917066
2589.33089304,3.45275878906,31.5895080566,32.0959603238
2591.3363409,3.44970703125,29.9339294434,32.1130967192
2593.34162402,3.44940185547,28.9916992188,32.129508187
2595.34707403,3.44787597656,29.4609069824,32.1457892675
2597.35261989,3.45428466797,29.4990539551,32.1622124488
2599.35810995,3.45581054688,31.192779541,32.1791175695
2601.36352897,3.45458984375,31.6734313965,32.1966277216
2603.36904407,3.45489501953,32.054901123,32.2143788512
2605.37443304,3.45520019531,32.2647094727,32.2322935509
2607.37969804,3.45153808594,30.0674438477,32.2496536183
2609.38547587,3.45611572266,32.2151184082,32.2670043103
2611.39112806,3.45520019531,31.8603515625,32.2848533529
2613.39670706,3.45550537109,31.2385559082,32.3024297201
2615.40221405,3.45794677734,33.1916809082,32.3203762882
2617.40761495,3.45733642578,32.7606201172,32.3387458442
2619.41293287,3.45367431641,29.8194885254,32.3561754295
