1430.09892392,3.61175537109,0.576019287109,41.0780763603
1432.10430384,3.61053466797,0.576019287109,41.0783972318
1434.10977793,3.60748291016,0.522613525391,41.0787032429
1436.11548686,3.60504150391,0.587463378906,41.0790124778
1438.12101984,3.60382080078,0.576019287109,41.0793365615
1440.12631297,3.60504150391,0.694274902344,41.0796903549
1442.13184285,3.59924316406,0.598907470703,41.0800505654
1444.13725996,3.59924316406,0.526428222656,41.0803640053
1446.14266086,3.59588623047,0.537872314453,41.0806604427
1448.148175,3.59405517578,0.564575195312,41.0809675225
1450.15355587,3.59100341797,0.541687011719,41.0812756443
1452.1588459,3.59130859375,0.556945800781,41.0815816272
1454.16436887,3.58978271484,0.480651855469,41.0818706447
1456.16990399,3.58703613281,0.556945800781,41.082159664
1458.17540598,3.58642578125,0.576019287109,41.0824752423
1460.18087196,3.58947753906,0.541687011719,41.0827865648
1462.18633103,3.583984375,0.556945800781,41.0830925735
1464.19142103,3.58459472656,0.469207763672,41.0833783416
1466.19698906,3.58093261719,0.545501708984,41.0836609901
1468.20243192,3.58337402344,0.667572021484,41.083998872
1470.20786595,3.57818603516,0.583648681641,41.0843473777
1472.21364093,3.57727050781,0.576019287109,41.0846704378
1474.21938086,3.57269287109,0.537872314453,41.0849807402
1476.22484088,3.57452392578,0.541687011719,41.0852814364
1478.23025799,3.57421875,0.629425048828,41.0856076264
1480.23553205,3.57269287109,0.530242919922,41.0859306059
1482.24090791,3.57055664062,0.572204589844,41.0862376645
1484.24647689,3.57025146484,0.602722167969,41.0865649418
1486.25191283,3.56872558594,0.572204589844,41.0868921974
1488.25736594,3.56292724609,0.514984130859,41.0871950176
1490.26286507,3.56597900391,0.568389892578,41.0874967823
1492.268188,3.56536865234,0.556945800781,41.0878102075
1494.27348399,3.56231689453,0.572204589844,41.088124691
1496.27910399,3.56384277344,0.568389892578,41.0884424131
1498.28446484,3.56384277344,0.663757324219,41.0887855936
1500.290941,3.56201171875,0.583648681641,41.0891332173
1502.29647899,3.56079101562,0.576019287109,41.0894562392
1504.301893,3.56048583984,0.598907470703,41.0897834912
1506.30722785,3.55895996094,0.541687011719,41.0901011682
1508.31260705,3.56079101562,0.526428222656,41.0903986649
1510.31833601,3.55773925781,0.534057617188,41.0906940881
1512.32373691,3.55499267578,0.545501708984,41.0909947755
1514.32927895,3.55407714844,0.583648681641,41.0913092975
1516.33467102,3.55377197266,0.568389892578,41.091630171
1518.34022284,3.55377197266,0.564575195312,41.0919457571
1520.34570003,3.55346679688,0.598907470703,41.0922698318
1522.35099792,3.55133056641,0.583648681641,41.0925991898
1524.35635591,3.55194091797,0.587463378906,41.0929253702
1526.36191702,3.55041503906,0.579833984375,41.093250521
1528.36739492,3.5498046875,0.572204589844,41.0935714083
1530.372823,3.54949951172,0.54931640625,41.0938837874
1532.37834907,3.54675292969,0.576019287109,41.0941972443
1534.38366699,3.54827880859,0.583648681641,41.0945202309
1536.38894105,3.54400634766,0.576019287109,41.0948432103
1538.39448094,3.54644775391,0.587463378906,41.0951672952
1540.39993906,3.54614257812,0.583648681641,41.0954934919
1542.405334,3.54461669922,0.572204589844,41.0958154283
1544.41079783,3.54736328125,0.576019287109,41.0961352507
1546.41622686,3.54888916016,0.499725341797,41.0964348798
1548.42157698,3.54370117188,0.595092773438,41.0967398095
1550.42701387,3.54309082031,0.545501708984,41.0970575026
1552.4324789,3.54858398438,0.522613525391,41.097355012
1554.43785906,3.54217529297,0.564575195312,41.0976578212
1556.44345593,3.54156494141,0.537872314453,41.0979649136
1558.44881797,3.53607177734,0.595092773438,41.0982804699
1560.45421791,3.54064941406,0.511169433594,41.0985885947
1562.45967698,3.53973388672,0.587463378906,41.0988946034
1564.46491694,3.53302001953,0.602722167969,41.0992260767
1566.47045588,3.53790283203,0.560760498047,41.0995501614
1568.47595906,3.53790283203,0.579833984375,41.099867865
1570.48131299,3.53912353516,0.514984130859,41.1001727953
1572.48824406,3.53454589844,0.579833984375,41.1004779653
1574.49372101,3.53607177734,0.606536865234,41.1008084152
1576.49917102,3.53546142578,0.576019287109,41.1011377982
1578.50448585,3.53424072266,0.518798828125,41.1014427225
1580.50974083,3.53485107422,0.598907470703,41.1017540122
1582.51545286,3.53424072266,0.560760498047,41.1020770622
1584.520823,3.53790283203,0.511169433594,41.10237562
1586.52636003,3.53332519531,0.503540039062,41.1026582641
1588.53181696,3.53271484375,0.556945800781,41.1029536473
1590.53717494,3.53179931641,0.503540039062,41.1032490159
1592.542588,3.53179931641,0.556945800781,41.1035443925
1594.54794383,3.53118896484,0.568389892578,41.1038578229
1596.55338287,3.53118896484,0.568389892578,41.1041744538
1598.55882001,3.52935791016,0.537872314453,41.1044825843
1600.56421304,3.52966308594,0.598907470703,41.1047992079
1602.56972599,3.52966308594,0.598907470703,41.1051328514
1604.57510495,3.53118896484,0.526428222656,41.1054462854
1606.58034396,3.52905273438,0.576019287109,41.105753323
1608.5857749,3.52844238281,0.568389892578,41.1060720777
1610.59134698,3.52935791016,0.568389892578,41.1063887296
1612.59674883,3.52722167969,0.553131103516,41.1067011046
1614.60222793,3.52783203125,0.568389892578,41.1070134917
1616.60767984,3.53057861328,0.564575195312,41.1073290621
1618.61300993,3.52661132812,0.614166259766,41.1076573629
1620.61829805,3.52600097656,0.560760498047,41.1079845944
1622.62382102,3.52569580078,0.576019287109,41.1083012385
1624.62917686,3.525390625,0.576019287109,41.1086221062
1626.63462591,3.44085693359,-29.1366577148,41.1006669805
