6592.42861986,3.46008300781,30.8418273926,33.8338446667
6594.4339509,3.45794677734,29.8805236816,33.8507569467
6596.43936586,3.45794677734,28.923034668,33.8671354933
6598.44470406,3.45581054688,27.8778076172,33.8829556181
6600.45026994,3.4619140625,29.2701721191,33.8988742345
6602.45708394,3.45550537109,28.4652709961,33.9149664978
6604.46257591,3.45794677734,30.3993225098,33.9313626742
6606.46802306,3.46038818359,30.8799743652,33.9484310618
6608.47348404,3.46038818359,32.2151184082,33.9660053322
6610.47882199,3.46221923828,32.112121582,33.983921701
6612.48408389,3.45916748047,32.0777893066,34.001799143
6614.48957586,3.4619140625,32.1388244629,34.0196860741
6616.495013,3.45947265625,31.8603515625,34.0375119524
6618.50042605,3.46221923828,33.3099365234,34.0556638061
6620.50585294,3.45916748047,30.345916748,34.0733939672
6622.511374,3.45916748047,28.8009643555,34.089869011
6624.51664591,3.45855712891,28.7399291992,34.1058947246
6626.52195501,3.45977783203,28.7017822266,34.1218931116
6628.52739406,3.45916748047,29.5715332031,34.1381241647
6630.53288484,3.46252441406,31.7687988281,34.1552099244
6632.53831196,3.4619140625,33.4587097168,34.1733778432
6634.54368997,3.46160888672,31.4636230469,34.1914603179
6636.54908085,3.46405029297,33.0848693848,34.2094387843
6638.55457592,3.46313476562,31.4865112305,34.2274245601
6640.56019402,3.45916748047,28.2554626465,34.244066169
6642.56570005,3.46221923828,30.5137634277,34.2604358965
6644.57108188,3.4619140625,31.6314697266,34.2777449133
6646.57652783,3.46069335938,32.8636169434,34.2957089981
6648.58196187,3.46313476562,33.0696105957,34.3140735451
6650.58733988,3.46496582031,33.9508056641,34.332740388
6652.59268284,3.46130371094,30.7159423828,34.3507513613
6654.59802604,3.46343994141,31.9709777832,34.3682109154
6656.60349703,3.47076416016,32.9360961914,34.3862899784
6658.60882592,3.46099853516,31.4064025879,34.4042105162
6660.61423802,3.46496582031,31.5551757812,34.4217471705
6662.61972785,3.46343994141,30.1055908203,34.4389221761
6664.62511587,3.46313476562,29.3579101562,34.455484314
6666.63055706,3.46221923828,28.9840698242,34.4717345097
6668.63576889,3.46282958984,30.0903320312,34.4881868277
6670.641294,3.46160888672,29.914855957,34.5049009821
6672.64670587,3.46038818359,28.2363891602,34.521097815
6674.65207601,3.46282958984,28.5720825195,34.5369203168
6676.65745807,3.46130371094,27.9731750488,34.5526696008
6678.66296291,3.46374511719,30.2467346191,34.5688863107
6680.66824889,3.46343994141,30.0674438477,34.5856845296
6682.67352986,3.46160888672,27.8472900391,34.6018144343
6684.67932487,3.46405029297,31.0859680176,34.6182322169
6686.68478394,3.46527099609,31.6009521484,34.6356927797
6688.69015598,3.46313476562,34.4886779785,34.654100321
6690.69560289,3.46496582031,31.6543579102,34.6725234247
6692.70112991,3.46649169922,30.891418457,34.6899452642
6694.70693803,3.46374511719,30.5671691895,34.7070666717
6696.71249294,3.46649169922,32.9627990723,34.7247628995
6698.71792698,3.46740722656,32.772064209,34.7430721956
6700.72333193,3.46618652344,32.0930480957,34.7611389758
6702.72874999,3.46588134766,32.787322998,34.7792101241
6704.73416996,3.46527099609,32.0510864258,34.7972696021
6706.73955584,3.4716796875,32.5698852539,34.8152682109
6708.74487996,3.46496582031,32.9971313477,34.8335297554
6710.7502439,3.46466064453,30.6587219238,34.85125936
6712.75562787,3.46557617188,30.2124023438,34.8682135234
6714.76097298,3.4619140625,29.5066833496,34.8848464923
6716.76736999,3.46557617188,31.4826965332,34.9018421742
6718.77261686,3.46343994141,28.4461975098,34.9185327614
6720.77795386,3.46466064453,28.9459228516,34.9345175589
6722.78334284,3.4619140625,28.8848876953,34.9506249575
6724.78858805,3.46282958984,32.3143005371,34.9676693157
6726.79412603,3.46130371094,29.9949645996,34.985025371
6728.79951191,3.46832275391,32.0701599121,35.0023121105
6730.80491996,3.46771240234,32.6309204102,35.0203332309
6732.810251,3.46710205078,31.2461853027,35.0381241674
6734.8157599,3.46862792969,32.8521728516,35.0559783102
6736.82104683,3.47076416016,33.576965332,35.0744796272
6738.82645893,3.46954345703,34.4505310059,35.0934272889
6740.83183789,3.46649169922,29.7660827637,35.111313212
6742.83727288,3.46466064453,31.73828125,35.1284441847
6744.84267306,3.46496582031,30.2238464355,35.14570236
6746.84808207,3.46649169922,29.8919677734,35.1624463593
6748.85351086,3.46588134766,30.6549072266,35.179310588
6750.85889101,3.46527099609,30.0216674805,35.1962105322
6752.86413288,3.46710205078,29.3655395508,35.2127502148
6754.86958599,3.46771240234,28.8200378418,35.2289569435
6756.87493587,3.46282958984,31.3987731934,35.2457291359
6758.88041806,3.47106933594,29.8080444336,35.2627776336
6760.88580203,3.46923828125,31.0745239258,35.2797349845
6762.89126992,3.47137451172,31.7878723145,35.2972445008
6764.89655399,3.47137451172,33.7715148926,35.3155035556
6766.90195298,3.47076416016,33.4167480469,35.3342173437
6768.90742588,3.46984863281,32.7033996582,35.352634311
6770.91276193,3.46893310547,31.3491821289,35.3704741653
6772.91817594,3.46893310547,32.7033996582,35.3883147132
6774.92365789,3.47015380859,32.8636169434,35.406577695
6776.92908096,3.47076416016,32.5317382812,35.4247923275
6778.93443394,3.46588134766,30.6053161621,35.4423773386
6780.93967986,3.46649169922,28.8772583008,35.458943615
6782.94516301,3.46893310547,30.5976867676,35.4755097261
6784.95060492,3.46923828125,30.3077697754,35.4924739421
6786.9560039,3.47045898438,31.6886901855,35.5097416696
6788.96135092,3.46862792969,31.0478210449,35.5272150689
