1628.64240384,3.41278076172,-29.0145874023,41.0844510379
1630.64782286,3.3984375,-28.938293457,41.0683093977
1632.65326285,3.38592529297,-28.8887023926,41.0522026518
1634.65859199,3.37615966797,-28.8276672363,41.0361276078
1636.66401505,3.36853027344,-28.7590026855,41.020087936
1638.66955805,3.28399658203,-57.2204589844,40.9961385601
1640.67496204,3.26934814453,-57.056427002,40.9643092096
1642.68037486,3.26202392578,-56.9000244141,40.9325689695
1644.68591189,3.20068359375,-83.625793457,40.8934259512
1646.69131589,3.18756103516,-83.4617614746,40.8468873331
1648.69657993,3.18237304688,-83.2595825195,40.8004539558
1650.70215702,3.17230224609,-83.0268859863,40.7541344654
1652.70763206,3.16650390625,-82.8971862793,40.7079182729
1654.71313286,3.16131591797,-82.8132629395,40.6617609899
1656.71859288,3.15643310547,-82.7026367188,40.6156588343
1658.72402406,3.15338134766,-82.6187133789,40.5696115302
1660.72927785,3.14971923828,-82.5309753418,40.5236161081
1662.73486304,3.14880371094,-82.4661254883,40.4776555883
1664.74029183,3.14544677734,-82.4394226074,40.431724153
1666.74575305,3.14208984375,-82.2868347168,40.3858419141
1668.75126791,3.13995361328,-82.2563171387,40.3400094507
1670.75675797,3.13751220703,-82.2067260742,40.2941998675
1672.76226687,3.12744140625,-82.2563171387,40.2483898541
1674.76764703,3.13262939453,-82.145690918,40.2025997813
1676.77302098,3.13140869141,-82.0503234863,40.1568672242
1678.77849603,3.12957763672,-82.0045471191,40.1111716758
1680.78392196,3.12835693359,-81.9664001465,40.0655006217
1682.789608,3.12652587891,-81.9435119629,40.0198406462
1684.79697895,3.12286376953,-81.916809082,39.9741561395
1686.80453706,3.12316894531,-81.8214416504,39.92850141
1688.81020999,3.12164306641,-81.7451477051,39.882937371
1690.81633997,3.11828613281,-81.7947387695,39.8373703892
1692.821805,3.11828613281,-81.6955566406,39.7918323238
1694.82728791,3.11767578125,-81.6612243652,39.7463310415
1696.83279991,3.11676025391,-81.6688537598,39.7008365371
1698.8383739,3.11279296875,-81.6230773926,39.6553512525
1700.84370089,3.11553955078,-81.5505981445,39.6099045059
1702.84914804,3.11279296875,-81.6040039062,39.5644603488
1704.85460806,3.11187744141,-81.5467834473,39.5190169624
1706.86039686,3.11065673828,-81.5391540527,39.4735841919
1708.86585283,3.10943603516,-81.4895629883,39.4281748983
1710.87127995,3.10760498047,-81.3522338867,39.3828183211
1712.87663794,3.10760498047,-81.4323425293,39.3374792448
1714.88210988,3.10699462891,-81.4018249512,39.2921237789
1716.88747787,3.10607910156,-81.3636779785,39.2467897886
1718.89294791,3.10516357422,-81.3179016113,39.2014768672
1720.8985889,3.10455322266,-81.2873840332,39.156181336
1722.90408397,3.10424804688,-81.2950134277,39.1108954753
1724.90952587,3.10607910156,-81.2835693359,39.0656118777
1726.91589499,3.10089111328,-81.2377929688,39.0203232886
1728.92178583,3.10089111328,-81.1920166016,38.9750710014
1730.92797089,3.09967041016,-81.2339782715,38.9298131398
1732.93459105,3.10241699219,-81.1996459961,38.8845433361
1734.94036102,3.09936523438,-81.1767578125,38.8393086536
1736.94691706,3.09783935547,-81.1538696289,38.7940690008
1738.95269799,3.09875488281,-81.1004638672,38.7488680773
1740.95892596,3.09600830078,-81.0890197754,38.7036751498
1742.96495605,3.09631347656,-81.0394287109,38.6585036852
1744.97156692,3.095703125,-81.0394287109,38.6133329634
1746.97757792,3.09539794922,-81.0317993164,38.5681778706
1748.98381495,3.09478759766,-80.9936523438,38.5230304455
1750.98958683,3.09417724609,-80.9669494629,38.4779115538
1752.99580193,3.09326171875,-80.997467041,38.4327816292
1755.00191689,3.09295654297,-80.9478759766,38.3876592715
1757.00837183,3.09265136719,-80.9707641602,38.3425367082
1759.01484203,3.09295654297,-80.9593200684,38.2974106125
1761.02099204,3.09143066406,-80.9288024902,38.2523034099
1763.02728486,3.09112548828,-80.867767334,38.2072185077
1765.03274989,3.09051513672,-80.9020996094,38.162159645
1767.03821802,3.09020996094,-80.8792114258,38.1170975251
1769.0437839,3.08990478516,-80.8753967285,38.0720406469
1771.04917598,3.09448242188,-80.8715820312,38.0269897983
1773.05445099,3.08807373047,-80.8372497559,37.981952204
1775.05997086,3.09020996094,-80.7876586914,37.9369324866
1777.06547999,3.08807373047,-80.8219909668,37.8919172604
1779.0709269,3.08715820312,-80.8067321777,37.8468981182
1781.07642698,3.08746337891,-80.7800292969,37.8018894706
1783.08186197,3.08654785156,-80.7914733887,37.7568865338
1785.08734083,3.08624267578,-80.7838439941,37.71188155
1787.09274101,3.0859375,-80.7685852051,37.6668847069
1789.09818506,3.08563232422,-80.6999206543,37.6219102549
1791.10359502,3.08319091797,-80.7418823242,37.576944005
1793.10907102,3.08319091797,-80.6427001953,37.5319922124
1795.11452699,3.08471679688,-80.6732177734,37.4870599943
1797.11991501,3.08166503906,-80.6159973145,37.4421367359
1799.12616992,3.08288574219,-80.7037353516,37.3971855545
1801.13149905,3.08471679688,-80.6503295898,37.3522455536
1803.13703299,3.08197021484,-80.6732177734,37.3073094635
1805.14253998,3.08227539062,-80.6922912598,37.262362289
1807.14804196,3.08349609375,-80.6312561035,37.2174269147
1809.15353799,3.08197021484,-80.6007385254,37.1725171752
1811.15922403,3.08288574219,-80.623626709,37.1276053059
1813.16603184,3.08013916016,-80.6465148926,37.0826555588
1815.17132401,3.0810546875,-80.6083679199,37.0377440095
1817.17690587,3.08074951172,-80.6274414062,36.9928312854
1819.18235302,3.08013916016,-80.6312561035,36.9479152027
1821.18793392,3.07983398438,-80.6274414062,36.9029961244
1823.19333601,3.07983398438,-80.5511474609,36.8581033634
1825.198874,3.07983398438,-80.5549621582,36.8132277492
