5599.71089196,3.1201171875,-81.5467834473,36.7476195132
5601.71616793,3.12377929688,-81.470489502,36.7022174827
5603.72157288,3.12316894531,-81.485748291,36.6568295319
5605.72709584,3.12133789062,-81.4933776855,36.6114325347
5607.73247194,3.12133789062,-81.5811157227,36.5660122997
5609.73785901,3.12255859375,-81.4743041992,36.5205971288
5611.74311304,3.12225341797,-81.4781188965,36.4752136562
5613.7485559,3.12622070312,-81.485748291,36.4298227224
5615.75397205,3.12164306641,-81.4781188965,36.3844323929
5617.759372,3.12164306641,-81.4323425293,36.3390573054
5619.76480103,3.11828613281,-81.4018249512,36.2937028101
5621.77032304,3.12103271484,-81.4628601074,36.2483377113
5623.77568603,3.12103271484,-81.4323425293,36.2029677099
5625.78099895,3.11920166016,-81.3941955566,36.1576179654
5627.78641391,3.1201171875,-81.3941955566,36.1122765383
5629.79193091,3.11920166016,-81.4476013184,36.0669179282
5631.79725885,3.11950683594,-81.413269043,36.0215582818
5633.80268002,3.11920166016,-81.3865661621,35.976213527
5635.8080709,3.11889648438,-81.413269043,35.9308694568
5637.81359696,3.11889648438,-81.3598632812,35.885529768
5639.81891584,3.12194824219,-81.3484191895,35.8402128248
5641.82431197,3.11828613281,-81.3751220703,35.794889886
5643.82979894,3.11737060547,-81.3293457031,35.7495702069
5645.83526301,3.11767578125,-81.3446044922,35.7042595454
5647.84070587,3.11737060547,-81.3484191895,35.6589440506
5649.84609485,3.11614990234,-81.3903808594,35.6136170235
5651.85143304,3.11676025391,-81.3026428223,35.5683038937
5653.85679483,3.11614990234,-81.3636779785,35.522997668
5655.86226702,3.11645507812,-81.3179016113,35.4776846982
5657.86763287,3.11553955078,-81.2492370605,35.4324060054
5659.87315989,3.11370849609,-81.3751220703,35.3871077351
5661.87869191,3.11553955078,-81.2950134277,35.3417966009
5663.88405991,3.11309814453,-81.1614990234,35.2965486717
5665.88942385,3.11431884766,-81.2797546387,35.2513050838
5667.89466405,3.11462402344,-81.2301635742,35.2060451642
5669.90065098,3.11187744141,-81.2911987305,35.1607652019
5671.90603495,3.11431884766,-81.184387207,35.1155115998
5673.91143489,3.11492919922,-81.2110900879,35.0702799496
5675.91680884,3.11370849609,-81.2187194824,35.0250393233
5677.922405,3.11340332031,-81.1996459961,34.9797968719
5679.92779589,3.11126708984,-81.2797546387,34.9345420512
5681.93304896,3.11279296875,-81.2301635742,34.889281841
5683.93846798,3.11614990234,-81.2225341797,34.8440338231
5685.94401598,3.11218261719,-81.2187194824,34.7987860826
5687.94945598,3.11096191406,-81.1347961426,34.7535652168
5689.95489001,3.11157226562,-81.1729431152,34.7083572356
5691.96032286,3.11279296875,-81.169128418,34.6631397186
5693.96576905,3.11340332031,-81.184387207,34.617918713
5695.97102594,3.11126708984,-81.1805725098,34.5726987888
5697.97646093,3.10516357422,-81.1500549316,34.527484411
5699.98189592,3.11126708984,-81.169128418,34.4822732208
5701.98741388,3.11218261719,-81.1462402344,34.4370612226
5703.99279594,3.10974121094,-81.1157226562,34.3918671629
5705.99825001,3.10974121094,-81.1614990234,34.3466672305
5708.00356698,3.11065673828,-81.1538696289,34.3014597633
5710.00897193,3.10913085938,-81.1653137207,34.2562492503
5712.01439404,3.10882568359,-81.111907959,34.2110500379
5714.01981306,3.10882568359,-81.127166748,34.1658615205
5716.02342486,3.10882568359,-81.1309814453,34.1207084176
5718.03085804,3.10852050781,-81.1653137207,34.075458561
5720.03709698,3.10791015625,-81.0852050781,34.0302483793
5722.04290605,3.10821533203,-81.1233520508,33.9850595744
5724.04911304,3.10760498047,-81.1157226562,33.9398533014
5726.05489397,3.10760498047,-81.0813903809,33.8946683185
5728.06108594,3.10699462891,-81.0623168945,33.8494889569
5730.06655288,3.10943603516,-81.0890197754,33.8043237979
5732.07284188,3.10699462891,-81.0546875,33.7591422511
5734.07845497,3.10760498047,-81.0241699219,33.7139939903
5736.08384299,3.10607910156,-81.0317993164,33.6688571709
5738.08958292,3.10577392578,-81.0165405273,33.6237145563
5740.09503293,3.10577392578,-81.0852050781,33.5785635914
5742.10065889,3.10546875,-80.9669494629,33.5334224791
5744.10623097,3.10455322266,-80.9593200684,33.488317645
5746.11164093,3.10516357422,-80.9936523438,33.4432090195
5748.11705995,3.10607910156,-81.0050964355,33.3980874402
5750.12255001,3.10455322266,-80.9783935547,33.3529685124
5752.12781906,3.10455322266,-80.940246582,33.3078726183
5754.133214,3.10424804688,-80.9707641602,33.2627760182
5756.13863492,3.10333251953,-80.9288024902,33.2176820212
5758.14408684,3.10333251953,-80.9440612793,33.1725947649
5760.14943695,3.10943603516,-80.9020996094,33.1275172348
5762.154773,3.10302734375,-80.9211730957,33.0824463956
5764.16003895,3.10302734375,-80.9059143066,33.0373760695
5766.16552091,3.10302734375,-80.924987793,32.9922998258
5768.170959,3.10241699219,-80.8715820312,32.9472341308
5770.17635894,3.1005859375,-80.9326171875,32.902167168
5772.18176889,3.10180664062,-80.9097290039,32.8570893552
5774.18728304,3.10241699219,-80.9173583984,32.8120134507
5776.19259596,3.10150146484,-80.9097290039,32.7669420688
5778.19791794,3.10028076172,-80.7571411133,32.7219151066
5780.20333385,3.10089111328,-80.8792114258,32.6768945352
5782.20881605,3.10028076172,-80.8906555176,32.6318352869
5784.21423602,3.1005859375,-80.9135437012,32.5867678741
5786.21967888,3.1005859375,-80.8334350586,32.5417158847
5788.22506499,3.10089111328,-80.8601379395,32.496680045
5790.23049188,3.09997558594,-80.8563232422,32.4516369146
5792.23573494,3.10302734375,-80.8753967285,32.4065936633
5794.24116802,3.09936523438,-80.8372497559,32.3615514562
5796.24663091,3.09906005859,-80.810546875,32.3165266428
