4209.84657788,3.51379394531,32.1235656738,38.2826693343
4211.85316396,3.51287841797,28.4233093262,38.2995432949
4213.85901594,3.51318359375,27.9235839844,38.3152410071
4215.86475396,3.51348876953,29.9987792969,38.3313767135
4217.87027001,3.51470947266,29.3006896973,38.3478942187
4219.87614489,3.51806640625,31.078338623,38.3647154375
4221.88152599,3.51348876953,28.9306640625,38.3814294542
4223.88696003,3.51715087891,32.0701599121,38.3984201665
4225.89230704,3.51470947266,32.3371887207,38.4163589282
4227.89781189,3.51379394531,29.9453735352,38.4337072589
4229.90327501,3.51226806641,30.3192138672,38.4504931488
4231.90878105,3.52020263672,31.7993164062,38.4677957999
4233.91429496,3.51867675781,32.3295593262,38.4856584877
4235.91974306,3.51531982422,30.5519104004,38.5031731438
4237.92517805,3.51623535156,27.9655456543,38.5194721652
4239.93065596,3.51654052734,31.0974121094,38.5359234786
4241.93612289,3.51867675781,32.3295593262,38.5535902417
4243.94154692,3.51684570312,29.0374755859,38.5706828703
4245.94708896,3.51715087891,28.8772583008,38.586814875
4247.95302391,3.51715087891,30.5862426758,38.6033815298
4249.95829606,3.52447509766,31.120300293,38.6205674204
4251.96380997,3.52722167969,32.5469970703,38.6383015385
4253.96929097,3.51898193359,30.9791564941,38.6559960516
4255.97493196,3.51226806641,29.4036865234,38.6728163717
4257.98070097,3.52233886719,30.2658081055,38.6894390416
4259.98633289,3.51837158203,30.4145812988,38.7063421702
4261.99158692,3.52172851562,31.6276550293,38.7236213986
4263.99707985,3.51989746094,32.3257446289,38.7414350223
4266.00316691,3.52203369141,30.704498291,38.7589967105
4268.00861502,3.52172851562,32.2036743164,38.7765188043
4270.01410294,3.52478027344,32.1083068848,38.7944322628
4272.01952696,3.51928710938,29.0565490723,38.8114685783
4274.02490997,3.51470947266,30.5099487305,38.8280593621
4276.03036404,3.52783203125,33.2412719727,38.8458163266
4278.03587604,3.51715087891,29.8957824707,38.8634027322
4280.04131603,3.52233886719,29.468536377,38.8799376738
4282.04683185,3.52294921875,31.2881469727,38.8968610751
4284.05249095,3.52630615234,31.3529968262,38.9143106279
4286.05794406,3.52386474609,31.5704345703,38.9318370155
4288.06332684,3.52203369141,28.8581848145,38.94866792
4290.06861806,3.52783203125,33.6494445801,38.9660770868
4292.07405186,3.52508544922,31.2576293945,38.9841558146
4294.07954693,3.52203369141,28.4767150879,39.0007942775
4296.08499599,3.52661132812,31.9709777832,39.017631051
4298.09041905,3.52722167969,31.1279296875,39.0352060516
4300.09590292,3.52569580078,30.0064086914,39.0522343751
4302.10124302,3.52600097656,30.5213928223,39.0690925456
4304.10654998,3.5302734375,32.5164794922,39.0866495295
4306.11202097,3.52264404297,28.6750793457,39.1036936817
4308.11739588,3.52386474609,30.590057373,39.120200462
4310.12284994,3.52691650391,32.0701599121,39.1376535436
4312.12830806,3.52722167969,31.2385559082,39.1552872906
4314.13455701,3.52447509766,27.5955200195,39.1716811521
4316.14038706,3.52569580078,29.6669006348,39.1876337471
4318.14668703,3.52569580078,29.5753479004,39.204141764
4320.15281796,3.5302734375,32.7224731445,39.221499762
4322.15826106,3.52661132812,29.6325683594,39.2388677464
4324.16372395,3.52996826172,28.8467407227,39.2551563692
4326.16924691,3.53088378906,32.3371887207,39.272198838
4328.17548394,3.53179931641,33.0276489258,39.2904123599
4330.18132401,3.52844238281,32.2685241699,39.3086031488
4332.18696904,3.53302001953,33.5960388184,39.3269505007
4334.19243693,3.52813720703,29.956817627,39.3446523359
4336.197963,3.53210449219,30.029296875,39.3613611854
4338.203444,3.53057861328,28.8734436035,39.3777678975
4340.20882702,3.53546142578,33.6837768555,39.3951916735
4342.21423483,3.52813720703,30.3230285645,39.4130194162
4344.21963906,3.53057861328,29.4036865234,39.4296550005
4346.22501993,3.53240966797,31.2805175781,39.4465570758
4348.23043203,3.53332519531,30.8074951172,39.4638504164
4350.23585486,3.53271484375,29.2701721191,39.480583906
4352.24132991,3.53515625,32.2303771973,39.4977141584
4354.24676204,3.53607177734,31.1622619629,39.5153710522
4356.25223398,3.53057861328,28.507232666,39.5319912601
4358.25759792,3.53576660156,31.4559936523,39.548692384
4360.26299,3.53698730469,32.1960449219,39.5664211748
4362.26844001,3.5302734375,28.9916992188,39.5834640862
4364.2739079,3.53607177734,30.6587219238,39.6000789479
4366.27940392,3.53912353516,33.5159301758,39.617954227
4368.28486705,3.53546142578,31.6467285156,39.6361044088
4370.290236,3.53485107422,28.5720825195,39.6528767608
4372.29559803,3.53912353516,32.7987670898,39.6699699235
4374.30089283,3.53240966797,29.1976928711,39.6872367539
4376.30661297,3.53729248047,29.6974182129,39.703643297
4378.31199002,3.54034423828,30.7006835938,39.7204656536
4380.31745291,3.54034423828,32.1311950684,39.7379666259
4382.322855,3.53698730469,29.8004150391,39.7552163176
4384.32838583,3.53851318359,28.923034668,39.7715734966
4386.33389091,3.54309082031,29.0184020996,39.7877126419
4388.33917189,3.54095458984,32.2418212891,39.8047743031
4390.3446579,3.54400634766,28.9535522461,39.8218196455
4392.35144091,3.54187011719,30.9410095215,39.8385134495
4394.35686803,3.53851318359,28.8352966309,39.8551630364
4396.36228204,3.54248046875,29.1557312012,39.8713152614
4398.36779189,3.54248046875,29.6936035156,39.8877073337
4400.37324595,3.54675292969,33.088684082,39.9051944161
4402.37856388,3.53851318359,29.1900634766,39.9225400674
4404.38399386,3.54461669922,31.7802429199,39.9395222452
4406.38947606,3.54797363281,33.3633422852,39.957667287
