1033.00363898,3.53790283203,26.8287658691,39.1464231513
1035.00881004,3.53149414062,22.632598877,39.1601979426
1037.01431584,3.52905273438,23.0827331543,39.1729316042
1039.01974607,3.52600097656,22.0794677734,39.1855107212
1041.02517104,3.52203369141,19.3328857422,39.1970453557
1043.03064704,3.52355957031,21.1296081543,39.2083157113
1045.0360589,3.52355957031,21.8772888184,39.2202943976
1047.04131889,3.52203369141,20.0386047363,39.2319683232
1049.04673505,3.52478027344,21.053314209,39.2434136562
1051.05214596,3.52081298828,20.1454162598,39.2548887095
1053.05749702,3.51898193359,21.0762023926,39.2663697952
1055.06299901,3.525390625,21.7399597168,39.2782958922
1057.06842089,3.52569580078,20.4963684082,39.2900600111
1059.07379794,3.52691650391,20.7672119141,39.3015529329
1061.07927585,3.52447509766,21.6445922852,39.3133662574
1063.08449697,3.52752685547,20.2941894531,39.3250463312
1065.08987999,3.53057861328,22.159576416,39.3368707841
1067.09546399,3.52996826172,21.9497680664,39.3491575891
1069.10084391,3.52874755859,19.9546813965,39.3608290254
1071.10634804,3.53057861328,20.2713012695,39.3720336607
1073.11176205,3.53118896484,21.4462280273,39.3836532326
1075.1186409,3.52966308594,19.2909240723,39.3950080283
1077.12386584,3.53332519531,21.7323303223,39.4064331468
1079.12940693,3.53271484375,20.99609375,39.418335037
1081.13479805,3.53149414062,20.3895568848,39.4298620393
1083.14021301,3.53240966797,20.694732666,39.4413052406
1085.14568496,3.53607177734,21.3890075684,39.4530271517
1087.15110493,3.53240966797,19.6342468262,39.4644533814
1089.15651393,3.53546142578,20.9007263184,39.4757435481
1091.16184783,3.53424072266,20.8892822266,39.4873828426
1093.16721106,3.53271484375,19.2680358887,39.4985675661
1095.17259502,3.53729248047,20.9541320801,39.5097704676
1097.17804694,3.53393554688,21.1601257324,39.5215007619
1099.18349791,3.53820800781,19.9775695801,39.532959044
1101.18888092,3.53912353516,20.3704833984,39.5441970023
1103.19449306,3.53820800781,20.4734802246,39.5555743841
1105.20050097,3.53729248047,20.2941894531,39.5669327547
1107.20638394,3.53973388672,21.0456848145,39.5784498311
1109.21300507,3.54125976562,21.2631225586,39.5902411847
1111.21866083,3.54248046875,21.3012695312,39.6020980623
1113.22477102,3.54034423828,19.7601318359,39.6135388534
1115.23036504,3.54431152344,20.0805664062,39.6246366681
1117.23571205,3.54187011719,20.0309753418,39.6358085515
1119.24104285,3.54370117188,20.6451416016,39.647137589
1121.24744105,3.54370117188,20.3323364258,39.658556636
1123.25289488,3.5400390625,19.9966430664,39.6697896785
1125.25827384,3.54583740234,22.1214294434,39.6815206086
1127.26377487,3.54705810547,21.1067199707,39.6935614556
1129.26920986,3.54370117188,20.3094482422,39.7050972101
1131.27452993,3.54339599609,20.3170776367,39.7164123751
1133.27990794,3.54858398438,21.4538574219,39.7280466132
1135.28535891,3.54553222656,20.3514099121,39.7396908374
1137.29070687,3.54858398438,20.0996398926,39.750957286
1139.29622483,3.55041503906,21.2516784668,39.7624754543
1141.30217695,3.54858398438,19.7448730469,39.7738972765
1143.30846596,3.55010986328,20.5955505371,39.7851381859
1145.31428504,3.55194091797,19.5579528809,39.7963243892
1147.32016587,3.55041503906,20.9693908691,39.8076150867
1149.32639384,3.55224609375,19.8974609375,39.8190023396
1151.33229303,3.55194091797,20.8511352539,39.8303547808
1153.33822584,3.55529785156,21.3890075684,39.8421229597
1155.34404993,3.55377197266,20.6489562988,39.8538341764
1157.35063791,3.55499267578,20.1225280762,39.8651968946
1159.35669303,3.55621337891,20.622253418,39.8765491553
1161.36239386,3.55773925781,21.5759277344,39.888304284
1163.36744189,3.55682373047,21.167755127,39.9002074976
1165.37372899,3.55926513672,21.556854248,39.9121127521
1167.37925196,3.55712890625,21.125793457,39.9240017841
1169.384835,3.55865478516,20.5993652344,39.9356244606
1171.39042997,3.56018066406,20.320892334,39.9470229971
1173.39577389,3.56109619141,19.6762084961,39.9581629891
1175.40121102,3.56384277344,21.1067199707,39.9695223779
1177.40669703,3.56170654297,20.8740234375,39.9812156826
1179.412117,3.56292724609,19.7105407715,39.9925197236
1181.41764903,3.56353759766,19.8059082031,40.003526877
1183.42315483,3.564453125,20.4582214355,40.0147421472
1185.42933488,3.56811523438,21.6026306152,40.0264618197
1187.4348259,3.56658935547,20.7099914551,40.0382475952
1189.44003201,3.57238769531,22.2511291504,40.0502123037
1191.44542503,3.5693359375,20.923614502,40.0622376273
1193.45100188,3.57086181641,20.9045410156,40.0738889579
1195.45637798,3.57086181641,20.8358764648,40.0855146851
1197.46183586,3.57086181641,20.8625793457,40.0971291985
1199.46731496,3.57330322266,21.842956543,40.1090243457
1201.47264099,3.57391357422,20.0119018555,40.1206816564
1203.47791195,3.57788085938,21.1791992188,40.132153784
1205.48349285,3.57818603516,20.7099914551,40.1438221397
1207.48886895,3.57269287109,19.8860168457,40.1551291209
1209.49429893,3.5791015625,20.2293395996,40.166302529
1211.49982285,3.58367919922,21.4080810547,40.1779004239
1213.50525498,3.57971191406,19.6151733398,40.1893267229
1215.51059985,3.58489990234,21.1601257324,40.2006834641
1217.51598907,3.58306884766,20.0119018555,40.2121509557
1219.52156401,3.58428955078,20.6108093262,40.2234664962
1221.52707505,3.58734130859,21.1524963379,40.2350993811
1223.53257489,3.58764648438,20.8549499512,40.2468002042
1225.53801799,3.59100341797,20.4582214355,40.2583073173
1227.54348302,3.59100341797,21.6293334961,40.2700302506
1229.5489459,3.59527587891,20.9045410156,40.2818774877
