4805.51888299,3.96331787109,28.5263061523,41.5622794815
4807.52450991,3.99749755859,32.6347351074,41.579316458
4809.53067899,4.02099609375,28.3088684082,41.5962974542
4811.536834,4.04724121094,29.8881530762,41.612513044
4813.54301596,4.0771484375,31.5132141113,41.6296216989
4815.54931688,4.09942626953,28.6979675293,41.6463997196
4817.55559707,4.12933349609,33.4625244141,41.6637207423
4819.56197405,4.15008544922,28.5186767578,41.6809926389
4821.56834602,4.17266845703,31.4598083496,41.6977064099
4823.57450604,4.19525146484,29.0336608887,41.7145619071
4825.58081985,4.21813964844,32.2303771973,41.7316334189
4827.58874393,4.23645019531,30.3916931152,41.7490973582
4829.59493995,4.25415039062,31.0134887695,41.7662071959
4831.60100794,4.27703857422,32.283782959,41.7838431169
4833.607198,4.28863525391,30.5252075195,41.8013440575
4835.61348486,4.30908203125,33.4129333496,41.8191604814
4837.61949897,4.31976318359,28.4881591797,41.8364069348
4839.62546897,4.33471679688,29.5562744141,41.8525785171
4841.63119292,4.34692382812,27.8205871582,41.8685621485
4843.63741994,4.36401367188,31.135559082,41.8849898448
4845.64324093,4.37896728516,33.1077575684,41.9028871493
4847.64935684,4.39086914062,28.3584594727,41.9200133099
4849.65552092,4.40185546875,31.3682556152,41.9366551974
4851.66138196,4.41772460938,33.9775085449,41.9548599922
4853.66741705,4.42413330078,30.1818847656,41.9727358248
4855.67332196,4.43664550781,29.6478271484,41.9894042572
4857.67947292,4.45068359375,33.5922241211,42.0070249641
4859.68511391,4.45648193359,31.0974121094,42.0250449898
4861.69139099,4.46807861328,29.7203063965,42.0419918225
4863.69755602,4.47357177734,32.3295593262,42.0592810267
4865.70315194,4.48425292969,30.3382873535,42.0767374681
4867.70911002,4.49615478516,33.1878662109,42.0944361904
4869.71516585,4.50805664062,30.0331115723,42.1120507475
4871.72125006,4.50988769531,30.4374694824,42.1288992305
4873.72705793,4.51873779297,33.0352783203,42.1465817496
4875.73320985,4.52758789062,29.6363830566,42.1640440932
4877.73891497,4.52362060547,31.5628051758,42.1810923605
4879.74595404,4.53948974609,31.9366455078,42.198793177
4881.75205088,4.54223632812,29.3655395508,42.2158734714
4883.75781393,4.55017089844,29.3121337891,42.2322197921
4885.76371002,4.55078125,28.9192199707,42.2484428539
4887.76957989,4.56268310547,31.4788818359,42.2652693445
4889.77570605,4.56359863281,29.1519165039,42.282162821
4891.78148198,4.5654296875,28.4118652344,42.2981989388
4893.78759289,4.57672119141,31.5551757812,42.3149073464
4895.79353189,4.58129882812,31.0478210449,42.3323487066
4897.79965305,4.58404541016,30.2085876465,42.3494164535
4899.80513906,4.58465576172,27.6298522949,42.3655267566
4901.81055498,4.59289550781,31.0745239258,42.3818776858
4903.81584692,4.59533691406,31.7344665527,42.3993707917
4905.82123995,4.59564208984,28.3164978027,42.4160965952
4907.82672,4.60235595703,31.9900512695,42.4328943148
4909.83216906,4.60266113281,31.9061279297,42.4506916109
4911.83761096,4.6044921875,30.4870605469,42.4680702102
4913.84311986,4.60479736328,29.3807983398,42.4847459774
4915.84861588,4.60968017578,29.7660827637,42.5012208156
4917.85391998,4.609375,31.5551757812,42.5182996727
4919.85933995,4.61181640625,30.143737793,42.5354847051
4921.86472487,4.61395263672,30.2429199219,42.5523039402
4923.87133789,4.62127685547,28.3470153809,42.5686327356
4925.87672901,4.61853027344,32.0358276367,42.5854509602
4927.88209486,4.61822509766,31.8984985352,42.6032581428
4929.88742185,4.61944580078,28.6827087402,42.6201310774
4931.89288402,4.62585449219,30.1818847656,42.6365270101
4933.8983109,4.62280273438,31.5742492676,42.6537280395
4935.90372086,4.62371826172,32.3486328125,42.6715324262
4937.90911698,4.61700439453,28.6445617676,42.6885206923
4939.91477203,4.62249755859,28.8772583008,42.7045441547
4941.92032599,4.62432861328,29.2778015137,42.7207431978
4943.92555594,4.50561523438,0.541687011719,42.7290480494
4945.93097091,4.45709228516,0.526428222656,42.7293455514
4947.93650103,4.42596435547,0.518798828125,42.7296366951
4949.94191098,4.39971923828,0.591278076172,42.7299458838
4951.947299,4.375,0.514984130859,42.7302540068
4953.95269799,4.35119628906,0.560760498047,42.7305536314
4955.95809889,4.32952880859,0.545501708984,42.7308617563
4957.96342301,4.31304931641,0.541687011719,42.7311645571
4959.96883702,4.29412841797,0.537872314453,42.7314652464
4961.97428703,4.27795410156,0.511169433594,42.731757441
4963.97980499,4.25994873047,0.473022460938,42.7320315819
4965.98533201,4.24743652344,0.499725341797,42.7323025363
4967.990592,4.23370361328,0.560760498047,42.7325978905
4969.99654102,4.15161132812,0.385284423828,42.7328614624
4972.00197601,4.14245605469,0.461578369141,42.7330973413
4974.00742793,4.13604736328,0.537872314453,42.7333757233
4976.01279593,4.12902832031,0.526428222656,42.7336721558
4978.01821494,4.11773681641,0.473022460938,42.7339505333
4980.02367306,4.11163330078,0.507354736328,42.7342236035
4982.02903986,4.10400390625,0.453948974609,42.7344913488
4984.03434491,4.09484863281,0.404357910156,42.7347303998
4986.03963804,4.08660888672,0.461578369141,42.7349715742
4988.04508591,4.07836914062,0.499725341797,42.7352393304
4990.05051088,4.0625,0.450134277344,42.735503896
4992.05587602,4.06433105469,0.492095947266,42.7357663287
4994.06127691,4.05548095703,0.511169433594,42.7360457661
4996.06673884,4.0478515625,0.511169433594,42.7363305247
4998.07216001,4.03839111328,0.411987304688,42.7365876522
5000.07741094,4.033203125,0.537872314453,42.7368521948
5002.082865,4.02618408203,0.499725341797,42.7371412024
