7783.80085397,3.59680175781,0.541687011719,43.004738459
7785.80618787,3.59466552734,0.541687011719,43.0050401988
7787.81162095,3.59191894531,0.48828125,43.0053270783
7789.81704307,3.59313964844,0.537872314453,43.0056128937
7791.82251191,3.59283447266,0.469207763672,43.0058934031
7793.82784986,3.59130859375,0.503540039062,43.006164332
7795.83310795,3.59130859375,0.495910644531,43.0064426871
7797.83864498,3.58978271484,0.534057617188,43.0067295815
7799.84401798,3.59680175781,0.438690185547,43.0070005151
7801.84936905,3.58856201172,0.541687011719,43.0072735707
7803.85473895,3.58520507812,0.576019287109,43.0075848783
7805.86022091,3.58734130859,0.591278076172,43.0079100163
7807.86554694,3.58306884766,0.568389892578,43.0082330042
7809.87079906,3.58551025391,0.568389892578,43.0085496056
7811.87625098,3.58764648438,0.537872314453,43.0088577383
7813.88174605,3.58337402344,0.522613525391,43.0091531271
7815.88709784,3.583984375,0.503540039062,43.0094389325
7817.89253497,3.58306884766,0.568389892578,43.0097375002
7819.89799786,3.58215332031,0.54931640625,43.0100488223
7821.90347791,3.58215332031,0.503540039062,43.0103420837
7823.90874195,3.58032226562,0.534057617188,43.0106310639
7825.91416788,3.58306884766,0.484466552734,43.0109147549
7827.91962099,3.57971191406,0.553131103516,43.0112037623
7829.925107,3.57757568359,0.476837158203,43.0114906493
7831.93047905,3.58032226562,0.511169433594,43.0117658328
7833.93585491,3.57757568359,0.553131103516,43.0120622665
7835.94134188,3.57635498047,0.545501708984,43.0123682795
7837.94704795,3.57635498047,0.514984130859,43.0126636994
7839.9524529,3.57879638672,0.522613525391,43.0129526998
7841.95788193,3.57543945312,0.507354736328,43.0132395788
7843.96351004,3.57543945312,0.526428222656,43.0135275488
7845.96959996,3.57360839844,0.598907470703,43.0138410939
7847.97507286,3.57391357422,0.522613525391,43.01415348
7849.98173094,3.57360839844,0.545501708984,43.0144511664
7851.98705292,3.57391357422,0.518798828125,43.0147475921
7853.99253201,3.57269287109,0.526428222656,43.0150387284
7855.99797606,3.57421875,0.537872314453,43.0153351721
7858.00341702,3.57147216797,0.545501708984,43.0156369281
7860.00885701,3.57177734375,0.526428222656,43.0159354963
7862.01462984,3.57025146484,0.54931640625,43.0162351767
7864.02023602,3.57055664062,0.518798828125,43.0165327071
7866.02554393,3.57086181641,0.476837158203,43.0168100066
7868.03144789,3.5693359375,0.572204589844,43.0171022673
7870.03691602,3.56872558594,0.530242919922,43.01740934
7872.04231,3.56903076172,0.545501708984,43.0177089639
7874.04770303,3.56781005859,0.545501708984,43.0180128376
7876.05142093,3.56689453125,0.511169433594,43.018306903
7878.05931187,3.56689453125,0.530242919922,43.0185973255
7880.06456995,3.56842041016,0.54931640625,43.0188979915
7882.07129097,3.56658935547,0.530242919922,43.0191988768
7884.077209,3.56567382812,0.576019287109,43.0195070812
7886.08489799,3.57116699219,0.537872314453,43.0198176851
7888.09440494,3.56414794922,0.499725341797,43.0201072767
7890.10211897,3.56475830078,0.537872314453,43.0203966099
7892.10773301,3.564453125,0.545501708984,43.0206983919
7894.11325884,3.56384277344,0.556945800781,43.0210054734
7896.118716,3.56292724609,0.499725341797,43.0212997941
7898.12421989,3.56384277344,0.545501708984,43.0215909339
7900.12967992,3.56292724609,0.553131103516,43.0218969428
7902.13509893,3.56231689453,0.545501708984,43.0222029455
7904.14089894,3.56231689453,0.541687011719,43.0225058182
7906.14639688,3.56201171875,0.446319580078,43.0227810189
7908.15167999,3.56170654297,0.518798828125,43.0230498155
7910.15715194,3.55621337891,0.534057617188,43.0233430758
7912.16265106,3.56109619141,0.522613525391,43.0236374026
7914.16816998,3.56048583984,0.534057617188,43.0239317323
7916.17357683,3.56048583984,0.503540039062,43.0242207331
7918.17903805,3.5595703125,0.537872314453,43.0245108042
7920.18630385,3.5595703125,0.530242919922,43.0248085807
7922.19176483,3.55926513672,0.54931640625,43.0251092772
7924.19847298,3.55560302734,0.514984130859,43.0254059078
7926.20401883,3.55865478516,0.54931640625,43.0257023666
7928.21045089,3.55865478516,0.556945800781,43.0260106499
7930.21789289,3.55834960938,0.411987304688,43.0262807995
7932.22388101,3.55743408203,0.503540039062,43.0265358741
7934.23113894,3.55682373047,0.541687011719,43.0268272686
7936.23814607,3.56109619141,0.54931640625,43.0271313869
7938.24426985,3.55560302734,0.541687011719,43.0274353713
7940.25040388,3.55621337891,0.518798828125,43.0277308542
7942.25616503,3.55895996094,0.518798828125,43.028019906
7944.26177001,3.55590820312,0.514984130859,43.0283078727
7946.26754594,3.56079101562,0.625610351562,43.0286256195
7948.27310801,3.55590820312,0.545501708984,43.0289518331
7950.27880406,3.55499267578,0.431060791016,43.029223873
7952.28619695,3.55499267578,0.553131103516,43.0294982702
7954.29216599,3.55377197266,0.537872314453,43.0298022312
7956.29967999,3.55010986328,0.556945800781,43.0301074899
7958.30732393,3.55529785156,0.499725341797,43.0304021315
7960.31459403,3.55377197266,0.572204589844,43.0307009722
7962.32194996,3.55377197266,0.537872314453,43.031010461
7964.32947206,3.55377197266,0.492095947266,43.0312976393
7966.33689404,3.55285644531,0.534057617188,43.0315837398
7968.34414601,3.55346679688,0.541687011719,43.0318836412
7970.35277987,3.55346679688,0.495910644531,43.0321731071
7972.36024189,3.55346679688,0.530242919922,43.0324592132
7974.36759305,3.55285644531,0.522613525391,43.0327527483
7976.37518001,3.55163574219,0.560760498047,43.0330548271
7978.38253593,3.55072021484,0.537872314453,43.0333611253
7980.38987088,3.55529785156,0.495910644531,43.0336493404
