4606.94466305,3.41552734375,0.591278076172,40.7235953757
4608.9499929,3.41979980469,0.564575195312,40.7239173017
4610.9552989,3.41949462891,0.530242919922,40.7242222247
4612.960706,3.41857910156,0.568389892578,40.7245282255
4614.96617198,3.41674804688,0.553131103516,40.7248406105
4616.97155905,3.41827392578,0.564575195312,40.7251519208
4618.97706985,3.41766357422,0.537872314453,40.725459
4620.9826529,3.41674804688,0.446319580078,40.7257331498
4622.9880619,3.4130859375,0.545501708984,40.7260094008
4624.99337792,3.41674804688,0.526428222656,40.7263079506
4626.999933,3.41766357422,0.541687011719,40.7266056217
4629.00538397,3.41247558594,0.484466552734,40.7268914412
4631.01076794,3.41552734375,0.537872314453,40.7271761887
4633.01619601,3.41522216797,0.545501708984,40.7274779427
4635.02178288,3.4130859375,0.526428222656,40.7277765328
4637.02727294,3.41369628906,0.492095947266,40.7280602328
4639.03267884,3.41339111328,0.568389892578,40.7283556084
4641.03817892,3.41461181641,0.568389892578,40.728672249
4643.04358006,3.41186523438,0.518798828125,40.7289750614
4645.04906893,3.41522216797,0.545501708984,40.7292715118
4647.05456591,3.41339111328,0.537872314453,40.7295732762
4649.05997992,3.41369628906,0.553131103516,40.7298771531
4651.06538987,3.41094970703,0.587463378906,40.7301948419
4653.07074189,3.4130859375,0.560760498047,40.7305146465
4655.07624984,3.41186523438,0.556945800781,40.7308259755
4657.08176684,3.41247558594,0.560760498047,40.7311373059
4659.08731294,3.41430664062,0.495910644531,40.7314316396
4661.09273887,3.41156005859,0.522613525391,40.7317153305
4663.09821296,3.41125488281,0.537872314453,40.7320107162
4665.1036799,3.41033935547,0.556945800781,40.7323156637
4667.10905385,3.41491699219,0.518798828125,40.7326152845
4669.11458492,3.41094970703,0.518798828125,40.7329043032
4671.11948085,3.41033935547,0.534057617188,40.7331974792
4673.12537098,3.41033935547,0.530242919922,40.733493989
4675.13084006,3.41064453125,0.553131103516,40.7337957491
4677.13628697,3.41003417969,0.503540039062,40.7340900683
4679.14150095,3.40698242188,0.629425048828,40.7344056012
4681.14691997,3.40972900391,0.541687011719,40.7347317916
4683.15227699,3.41003417969,0.469207763672,40.7350133478
4685.15781283,3.40972900391,0.518798828125,40.7352885537
4687.16323304,3.408203125,0.629425048828,40.7356083692
4689.16862893,3.40759277344,0.526428222656,40.7359303058
4691.17403984,3.40911865234,0.526428222656,40.7362235571
4693.17943406,3.40850830078,0.499725341797,40.7365093686
4695.18488097,3.408203125,0.541687011719,40.7367994376
4697.19026685,3.40728759766,0.492095947266,40.7370873729
4699.19726706,3.40698242188,0.514984130859,40.7373680965
4701.20273304,3.408203125,0.545501708984,40.737663481
4703.20812702,3.40759277344,0.534057617188,40.7379641673
4705.2135129,3.40728759766,0.54931640625,40.738265915
4707.21875787,3.40850830078,0.514984130859,40.7385623293
4709.22425485,3.46099853516,31.6543579102,40.747522818
4711.22964692,3.47137451172,32.2494506836,40.7653217334
4713.23510289,3.47686767578,28.2020568848,40.7821596274
4715.24055386,3.48876953125,32.8941345215,40.7991770463
4717.24614406,3.49090576172,30.2391052246,40.816763075
4719.25205302,3.49700927734,31.8794250488,40.8340692024
4721.25774884,3.50280761719,30.5671691895,40.8514648792
4723.26398206,3.50982666016,30.5671691895,40.8684995653
4725.26994085,3.51196289062,28.9916992188,40.885092987
4727.27592492,3.52142333984,32.8025817871,40.9023094235
4729.28169584,3.52874755859,32.0739746094,40.9203826889
4731.28786087,3.53179931641,29.3960571289,40.9375103316
4733.29355097,3.54034423828,29.5524597168,40.9539315062
4735.30016398,3.54827880859,32.4096679688,40.9712001189
4737.30629802,3.54797363281,29.5524597168,40.9884646096
4739.31289887,3.55621337891,30.0598144531,41.0050782264
4741.31951284,3.56353759766,32.8025817871,41.0225977489
4743.32547283,3.56903076172,28.4690856934,41.0396683758
4745.33138585,3.57696533203,32.7262878418,41.0567173475
4747.33727884,3.57879638672,29.1213989258,41.073947881
4749.34317303,3.58825683594,32.3257446289,41.0910668349
4751.3489759,3.59191894531,28.8352966309,41.108105306
4753.35565186,3.60168457031,33.4892272949,41.1254754621
4755.36185288,3.61022949219,33.2336425781,41.144067058
4757.36842394,3.60992431641,27.9731750488,41.161124812
4759.37474394,3.62121582031,28.8352966309,41.1769548082
4761.38090086,3.62457275391,27.9426574707,41.1927750145
4763.38695383,3.63403320312,28.751373291,41.2085710185
4765.39354897,3.64166259766,30.8265686035,41.2251750197
4767.39945698,3.64868164062,27.7290344238,41.2414885132
4769.40560198,3.65661621094,27.9731750488,41.2570088895
4771.4112289,3.67431640625,32.5813293457,41.2738769094
4773.41543293,3.67736816406,30.3840637207,41.2914040615
4775.42330098,3.68927001953,31.1012268066,41.3085504991
4777.42943001,3.70208740234,32.3181152344,41.3262209689
4779.4351449,3.71063232422,28.7055969238,41.3432204367
4781.44162893,3.72802734375,32.6271057129,41.3603125324
4783.44783688,3.73901367188,31.1164855957,41.3780740461
4785.45416403,3.75366210938,29.4952392578,41.3949639002
4787.45839405,3.76983642578,30.7235717773,41.4117267265
4789.46702385,3.78753662109,28.9192199707,41.4283656555
4791.47332001,3.80798339844,32.1884155273,41.4453934352
4793.47985196,3.82781982422,29.9415588379,41.4627081267
4795.48581791,3.84765625,28.9039611816,41.4791028641
4797.49182987,3.86962890625,29.1404724121,41.4952747847
4799.49785304,3.88732910156,28.4805297852,41.5113288216
4801.50349092,3.91784667969,31.9900512695,41.5281735561
4803.50899887,3.94195556641,30.8990478516,41.54569086
