635.913215876,3.39202880859,0.553131103516,38.31913301
637.918743849,3.39263916016,0.534057617188,38.3194358416
639.924202919,3.39263916016,0.530242919922,38.3197322876
641.92966795,3.39202880859,0.553131103516,38.3200340471
643.935493946,3.39019775391,0.560760498047,38.3203443628
645.94076705,3.39263916016,0.553131103516,38.3206545929
647.946481943,3.39111328125,0.541687011719,38.320959578
649.951977968,3.39202880859,0.560760498047,38.321266655
651.957478046,3.39111328125,0.579833984375,38.3215843581
653.962941885,3.39141845703,0.568389892578,38.3219041805
655.968430042,3.39172363281,0.583648681641,38.3222250694
657.973845959,3.39172363281,0.67138671875,38.3225746344
659.979187012,3.39172363281,0.568389892578,38.3229199365
661.984791994,3.38897705078,0.648498535156,38.3232589083
663.990219831,3.39202880859,0.541687011719,38.3235904127
665.995720863,3.39141845703,0.568389892578,38.3238996155
668.00118804,3.39172363281,0.556945800781,38.3242130632
670.006649017,3.39172363281,0.568389892578,38.32452651
672.012061834,3.38836669922,0.6103515625,38.3248548244
674.017549992,3.39202880859,0.576019287109,38.3251852761
676.023046017,3.39019775391,0.537872314453,38.3254955407
678.02927804,3.39141845703,0.579833984375,38.3258069821
680.035042048,3.39172363281,0.54931640625,38.326121539
682.040464878,3.39141845703,0.556945800781,38.3264296672
684.045889854,3.38928222656,0.568389892578,38.3267431084
686.051486015,3.39111328125,0.576019287109,38.3270618893
688.056736946,3.39080810547,0.556945800781,38.3273774281
690.062078953,3.39050292969,0.659942626953,38.3277163555
692.06762886,3.39111328125,0.553131103516,38.3280542555
694.072963953,3.39324951172,0.503540039062,38.3283485583
696.07833004,3.39111328125,0.564575195312,38.328646053
698.083850861,3.39019775391,0.511169433594,38.3289456958
700.089191914,3.39080810547,0.514984130859,38.3292314997
702.094475031,3.39111328125,0.579833984375,38.3295364192
704.099982023,3.39111328125,0.564575195312,38.3298551859
706.105424881,3.39111328125,0.545501708984,38.3301643798
708.110899925,3.39233398438,0.553131103516,38.330470391
710.116473913,3.38989257812,0.602722167969,38.3307923562
712.121870041,3.38989257812,0.537872314453,38.3311100428
714.127225876,3.39080810547,0.514984130859,38.3314032861
716.132747889,3.39019775391,0.679016113281,38.3317358686
718.138255835,3.39050292969,0.568389892578,38.3320833245
720.143657923,3.39141845703,0.568389892578,38.3323999496
722.149126053,3.39050292969,0.560760498047,38.33271446
724.154554844,3.38928222656,0.587463378906,38.3330342768
726.159898996,3.38989257812,0.591278076172,38.3333625799
728.165412903,3.39080810547,0.545501708984,38.3336792227
730.170722961,3.39172363281,0.637054443359,38.3340085826
732.17619586,3.39019775391,0.560760498047,38.3343422195
734.181712866,3.38562011719,0.469207763672,38.334629111
736.187145948,3.39019775391,0.553131103516,38.3349138655
738.19272089,3.38653564453,0.556945800781,38.3352230797
740.198220015,3.39019775391,0.537872314453,38.335528032
742.203660965,3.38836669922,0.534057617188,38.3358266004
744.209015846,3.39080810547,0.560760498047,38.3361315308
746.214488983,3.38958740234,0.576019287109,38.3364481671
748.219945908,3.38989257812,0.54931640625,38.3367616132
750.225730896,3.39019775391,0.537872314453,38.3370644836
752.231180906,3.38897705078,0.553131103516,38.3373683659
754.236600876,3.38989257812,0.54931640625,38.3376754313
756.24208498,3.3935546875,0.659942626953,38.3380122576
758.247526884,3.39111328125,0.591278076172,38.3383607646
760.252922058,3.39294433594,0.583648681641,38.3386880136
762.258416891,3.39019775391,0.583648681641,38.3390131537
764.263841867,3.38928222656,0.587463378906,38.339339345
766.269345045,3.38958740234,0.560760498047,38.3396591737
768.274772882,3.38989257812,0.564575195312,38.3399726153
770.280282021,3.38958740234,0.576019287109,38.3402903198
772.285645008,3.39019775391,0.576019287109,38.3406111886
774.291115999,3.39080810547,0.595092773438,38.3409373874
776.296558857,3.38958740234,0.556945800781,38.341258269
778.30199194,3.38958740234,0.54931640625,38.3415663989
780.307410002,3.38958740234,0.572204589844,38.3418787764
782.312958002,3.39782714844,0.534057617188,38.3421869239
784.318385839,3.38928222656,0.587463378906,38.342499303
786.323647022,3.38836669922,0.492095947266,38.3427999695
788.329146862,3.38989257812,0.541687011719,38.3430879211
790.334573984,3.38500976562,0.507354736328,38.3433801123
792.339975834,3.38989257812,0.560760498047,38.3436776123
794.345442057,3.39019775391,0.652313232422,38.3440154982
796.350893974,3.38958740234,0.537872314453,38.3443470065
798.356266975,3.39324951172,0.503540039062,38.3446370649
800.361645937,3.39019775391,0.545501708984,38.3449292491
802.367082834,3.39294433594,0.518798828125,38.3452256918
804.373160839,3.38958740234,0.583648681641,38.3455328579
806.379264832,3.38958740234,0.545501708984,38.345847468
808.384937048,3.388671875,0.579833984375,38.3461609478
810.390413046,3.38836669922,0.556945800781,38.3464775846
812.397583961,3.38928222656,0.545501708984,38.346784918
814.402906895,3.38958740234,0.556945800781,38.3470919684
816.408366919,3.38928222656,0.537872314453,38.3473969148
818.413933039,3.38836669922,0.556945800781,38.3477018773
820.419322968,3.388671875,0.598907470703,38.348023813
822.424654007,3.38745117188,0.556945800781,38.3483457391
824.430109024,3.38958740234,0.564575195312,38.3486581225
826.435406923,3.38836669922,0.572204589844,38.3489747311
828.439489841,3.38836669922,0.568389892578,38.3492922097
830.446326971,3.38928222656,0.499725341797,38.3495899227
832.451807976,3.39019775391,0.499725341797,38.3498683087
