2025.76289296,3.06060791016,-79.8988342285,32.3440747277
2027.768291,3.05999755859,-79.8988342285,32.2995666818
2029.7737999,3.06457519531,-80.005645752,32.2550264238
2031.77932,3.05908203125,-79.8835754395,32.2104901672
2033.784688,3.06182861328,-79.9751281738,32.1659657883
2035.79038286,3.05877685547,-79.8377990723,32.1214469039
2037.79594898,3.05847167969,-79.8873901367,32.0769553167
2039.80135894,3.05938720703,-79.8759460449,32.0324565688
2041.80704904,3.05847167969,-79.8606872559,31.9879590433
2043.81250095,3.05877685547,-79.8835754395,31.9434646769
2045.818362,3.05816650391,-79.8683166504,31.8989591079
2047.82398701,3.05847167969,-79.8606872559,31.8544651516
2049.82940888,3.05786132812,-79.8187255859,31.8099895144
2051.83538294,3.05908203125,-79.8721313477,31.7654984428
2053.84089804,3.05694580078,-79.8149108887,31.721018613
2055.84710693,3.05419921875,-79.8301696777,31.6765350879
2057.85253787,3.05603027344,-79.8797607422,31.6320507497
2059.85814285,3.05450439453,-79.9598693848,31.5875264221
2061.86364698,3.05084228516,-79.8263549805,31.5430192092
2063.86906505,3.05786132812,-79.8225402832,31.4985521566
2065.87476206,3.056640625,-79.8377990723,31.4540757309
2067.88024688,3.05694580078,-79.7805786133,31.4096156984
2069.88566589,3.05633544922,-79.8149108887,31.3651634999
2071.89113784,3.05633544922,-79.8149108887,31.3207005653
2073.89646006,3.05633544922,-79.776763916,31.2762515749
2075.901968,3.05206298828,-79.7538757324,31.2318154685
2077.90736604,3.05938720703,-79.9293518066,31.1873392976
2079.9126749,3.056640625,-79.7996520996,31.1428523549
2081.91805792,3.056640625,-79.7691345215,31.0984083918
2083.92360091,3.05511474609,-79.7805786133,31.053966196
2085.92897797,3.05633544922,-79.7538757324,31.0095319274
2087.93439388,3.05480957031,-79.7576904297,30.9651031727
2089.93982005,3.05480957031,-79.7538757324,30.9206741909
2091.94535398,3.05480957031,-79.7500610352,30.8762449468
2093.95065904,3.05450439453,-79.761505127,30.8318186483
2095.95613599,3.05450439453,-79.7157287598,30.7873981042
2097.96157885,3.05236816406,-79.7843933105,30.7429719403
2099.96693301,3.05297851562,-79.7576904297,30.6985360538
2101.97241902,3.04992675781,-79.6699523926,30.6541291222
2103.97782803,3.05328369141,-79.7538757324,30.6097249583
2105.98308396,3.05328369141,-79.6318054199,30.5653348079
2107.98848104,3.05358886719,-79.7157287598,30.5209521579
2109.99392104,3.05297851562,-79.6852111816,30.4765536828
2111.99935102,3.05328369141,-79.7004699707,30.4321596795
2114.00483394,3.05297851562,-79.7271728516,30.3877528165
2116.01036286,3.05297851562,-79.7653198242,30.343326871
2118.01627183,3.05236816406,-79.719543457,30.2988946325
2120.02161694,3.05206298828,-79.7271728516,30.2544855086
2122.02704406,3.05267333984,-79.7233581543,30.2100735059
2124.03253794,3.0517578125,-79.6928405762,30.1656695877
2126.03799105,3.05084228516,-79.7691345215,30.1212538219
2128.0441699,3.05267333984,-79.6203613281,30.0768421779
2130.049721,3.05389404297,-79.6585083008,30.0324752457
2132.05522299,3.05145263672,-79.6546936035,29.988099837
2134.06049895,3.05145263672,-79.6737670898,29.9437251797
2136.06599689,3.05145263672,-79.647064209,29.8993477355
2138.07153487,3.09875488281,-53.9016723633,29.8621481433
2140.07684588,3.21136474609,0.511169433594,29.847278065
2142.08234406,3.21868896484,0.461578369141,29.8475490155
2144.08775306,3.22875976562,0.450134277344,29.847802954
2146.09310102,3.23516845703,0.469207763672,29.8480590096
2148.09833503,3.24066162109,0.411987304688,29.8483044266
2150.10388684,3.24523925781,0.450134277344,29.8485445696
2152.10926604,3.24676513672,0.415802001953,29.8487857544
2154.11466384,3.25469970703,0.465393066406,29.8490311914
2156.12018585,3.25653076172,0.408172607422,29.8492745186
2158.125525,3.25988769531,0.438690185547,29.8495103862
2160.13093185,3.26324462891,0.465393066406,29.8497621994
2162.13628888,3.26049804688,0.408172607422,29.8500055065
2164.14167786,3.26751708984,0.392913818359,29.8502286301
2166.14707184,3.27239990234,0.450134277344,29.8504634417
2168.15254903,3.27423095703,0.465393066406,29.8507184513
2170.15801787,3.27606201172,0.423431396484,29.8509660221
2172.16338396,3.27819824219,0.431060791016,29.8512040179
2174.16879797,3.27941894531,0.385284423828,29.8514313943
2176.17411685,3.28216552734,0.404357910156,29.8516513227
2178.17961407,3.28643798828,0.396728515625,29.8518744583
2180.18512297,3.2861328125,0.461578369141,29.8521135336
2182.19048691,3.28826904297,0.442504882812,29.8523653414
2184.19583488,3.28887939453,0.400543212891,29.8526001476
2186.2013669,3.29345703125,0.442504882812,29.8528349754
2188.20668983,3.29254150391,0.438690185547,29.8530804033
2190.21195602,3.29467773438,0.377655029297,29.8533077629
2192.21745491,3.29528808594,0.446319580078,29.853537274
2194.22287583,3.29650878906,0.442504882812,29.8537848389
2196.22820187,3.29742431641,0.48828125,29.8540440792
2198.233778,3.29925537109,0.442504882812,29.8543033517
2200.23914003,3.30108642578,0.446319580078,29.8545509093
2202.24443388,3.30230712891,0.473022460938,29.8548069581
2204.24985099,3.30169677734,0.423431396484,29.8550566475
2206.25530005,3.30627441406,0.465393066406,29.8553042159
2208.26062298,3.30535888672,0.453948974609,29.8555602683
2210.26662397,3.30657958984,0.473022460938,29.855818533
2212.27199793,3.30780029297,0.411987304688,29.8560650296
2214.27745605,3.30718994141,0.431060791016,29.8562998487
2216.28294992,3.31390380859,0.415802001953,29.8565357346
2218.288306,3.30993652344,0.419616699219,29.8567684168
2220.29369307,3.31115722656,0.423431396484,29.8570032276
2222.29919505,3.31146240234,0.42724609375,29.8572401769
