1350384720.31,3.40148925781,20.622253418
1350384722.32,3.40118408203,21.2669372559
1350384724.33,3.40240478516,20.3514099121
1350384726.33,3.40179443359,19.7906494141
1350384728.34,3.40423583984,20.5535888672
1350384730.34,3.40301513672,20.9617614746
1350384732.35,3.40362548828,21.2554931641
1350384734.35,3.40515136719,21.1563110352
1350384736.36,3.40454101562,20.3399658203
1350384738.36,3.40606689453,20.0958251953
1350384740.37,3.40454101562,19.6495056152
1350384742.37,3.40698242188,21.5950012207
1350384744.38,3.40240478516,21.5606689453
1350384746.39,3.40606689453,21.0342407227
1350384748.39,3.40759277344,21.4042663574
1350384750.4,3.40789794922,21.1753845215
1350384752.4,3.40515136719,21.4996337891
1350384754.41,3.40667724609,19.9279785156
1350384756.41,3.40759277344,20.4620361328
1350384758.42,3.40789794922,20.5955505371
1350384760.42,3.40942382812,21.053314209
1350384762.43,3.40850830078,22.029876709
1350384764.43,3.41125488281,19.4206237793
1350384766.44,3.40942382812,20.6031799316
1350384768.45,3.41278076172,20.6909179688
1350384770.45,3.41156005859,20.809173584
1350384772.46,3.41003417969,20.7290649414
1350384774.46,3.40881347656,19.947052002
1350384776.47,3.41033935547,20.8282470703
1350384778.47,3.41400146484,21.240234375
1350384780.48,3.41186523438,20.9541320801
1350384782.49,3.4130859375,21.3928222656
1350384784.49,3.41156005859,20.4849243164
1350384786.5,3.40881347656,20.4429626465
1350384788.5,3.4130859375,21.1524963379
1350384790.51,3.41339111328,20.5383300781
1350384792.52,3.41278076172,21.785736084
1350384794.52,3.41705322266,21.2020874023
1350384796.53,3.41125488281,19.1421508789
1350384798.54,3.41613769531,21.671295166
1350384800.54,3.41339111328,20.5955505371
1350384802.55,3.41522216797,19.7792053223
1350384804.55,3.41186523438,20.3971862793
1350384806.56,3.41552734375,21.0762023926
1350384808.56,3.41552734375,20.3056335449
1350384810.57,3.41491699219,19.1421508789
1350384812.58,3.41522216797,21.4920043945
1350384814.58,3.41888427734,20.7138061523
1350384816.59,3.41796875,19.7868347168
1350384818.59,3.41613769531,19.401550293
1350384820.6,3.41979980469,19.9813842773
1350384822.61,3.41644287109,20.3857421875
1350384824.61,3.41796875,20.0309753418
1350384826.62,3.41949462891,20.9465026855
1350384828.62,3.41857910156,19.6762084961
1350384830.63,3.41583251953,19.3862915039
1350384832.64,3.41796875,20.4772949219
1350384834.64,3.41857910156,20.5307006836
1350384836.65,3.42041015625,20.0271606445
1350384838.65,3.41979980469,21.6941833496
1350384840.66,3.41949462891,21.1524963379
1350384842.67,3.41857910156,20.866394043
1350384844.67,3.41888427734,20.3971862793
1350384846.68,3.42132568359,21.8734741211
1350384848.68,3.41674804688,19.6266174316
1350384850.69,3.42041015625,21.1753845215
1350384852.7,3.42010498047,21.6026306152
1350384854.7,3.42346191406,21.1639404297
1350384856.71,3.42132568359,20.0958251953
1350384858.71,3.4228515625,21.2211608887
1350384860.72,3.42407226562,20.7138061523
1350384862.73,3.42468261719,19.3138122559
1350384864.73,3.42254638672,20.7748413086
1350384866.74,3.41979980469,20.3628540039
1350384868.74,3.42376708984,21.5110778809
1350384870.75,3.42315673828,20.5535888672
1350384872.76,3.42529296875,21.1944580078
1350384874.76,3.42376708984,19.4435119629
1350384876.77,3.42529296875,20.1950073242
1350384878.77,3.42407226562,20.9426879883
1350384880.78,3.42681884766,20.7977294922
1350384882.79,3.42559814453,21.7628479004
1350384884.79,3.42468261719,19.9890136719
1350384886.8,3.42498779297,20.5841064453
1350384888.8,3.42437744141,19.7105407715
1350384890.81,3.42651367188,21.0838317871
1350384892.82,3.42498779297,20.3590393066
1350384894.82,3.42742919922,20.3475952148
1350384896.83,3.42620849609,20.9426879883
1350384898.83,3.42590332031,19.9546813965
1350384900.84,3.42895507812,21.1143493652
1350384902.85,3.42712402344,19.2794799805
1350384904.85,3.42712402344,21.0037231445
1350384906.86,3.42681884766,20.5879211426
1350384908.86,3.42926025391,21.3470458984
1350384910.87,3.427734375,20.1263427734
1350384912.88,3.42834472656,19.4816589355
1350384914.88,3.43200683594,20.6260681152
1350384916.89,3.4326171875,21.9917297363
