1350384323.21,3.11401367188,-81.1004638672
1350384325.22,3.10943603516,-81.0279846191
1350384327.22,3.10546875,-81.0279846191
1350384329.23,3.10394287109,-80.8982849121
1350384331.23,3.10150146484,-80.8448791504
1350384333.24,3.09600830078,-80.7113647461
1350384335.24,3.09631347656,-80.7838439941
1350384337.25,3.09539794922,-80.7304382324
1350384339.26,3.09295654297,-80.6846618652
1350384341.26,3.09112548828,-80.6198120117
1350384343.27,3.09020996094,-80.623626709
1350384345.27,3.08746337891,-80.5702209473
1350384347.28,3.08837890625,-80.5206298828
1350384349.29,3.08380126953,-80.4977416992
1350384351.29,3.0859375,-80.3985595703
1350384353.3,3.07891845703,-80.4100036621
1350384355.3,3.07983398438,-80.3756713867
1350384357.31,3.07739257812,-80.2917480469
1350384359.31,3.07739257812,-80.3108215332
1350384361.32,3.0810546875,-80.2612304688
1350384363.32,3.07403564453,-80.1811218262
1350384365.33,3.07342529297,-80.1734924316
1350384367.33,3.07067871094,-80.135345459
1350384369.34,3.0712890625,-80.1048278809
1350384371.35,3.07037353516,-80.1124572754
1350384373.35,3.07189941406,-80.0666809082
1350384375.36,3.06793212891,-80.0666809082
1350384377.36,3.06091308594,-80.0552368164
1350384379.37,3.06671142578,-79.9560546875
1350384381.37,3.06732177734,-79.9674987793
1350384383.38,3.06488037109,-79.8797607422
1350384385.38,3.06213378906,-79.9140930176
1350384387.39,3.06274414062,-79.8568725586
1350384389.39,3.06182861328,-79.9598693848
1350384391.4,3.05725097656,-79.9217224121
1350384393.41,3.05999755859,-79.9674987793
1350384395.41,3.05694580078,-79.9674987793
1350384397.42,3.05786132812,-79.8759460449
1350384399.42,3.05786132812,-79.8645019531
1350384401.43,3.056640625,-79.8530578613
1350384403.43,3.04504394531,-79.8072814941
1350384405.44,3.05419921875,-79.7996520996
1350384407.44,3.05511474609,-79.7843933105
1350384409.45,3.05236816406,-79.719543457
1350384411.45,3.05358886719,-79.7462463379
1350384413.46,3.05603027344,-79.7653198242
1350384415.47,3.05206298828,-79.6966552734
1350384417.47,3.04779052734,-79.5593261719
1350384419.48,3.22814941406,0.499725341797
1350384421.48,3.23944091797,0.511169433594
1350384423.49,3.24798583984,0.503540039062
1350384425.49,3.25347900391,0.469207763672
1350384427.5,3.25714111328,0.495910644531
1350384429.5,3.26049804688,0.495910644531
1350384431.51,3.26385498047,0.484466552734
1350384433.52,3.26751708984,0.476837158203
1350384435.52,3.27026367188,0.473022460938
1350384437.53,3.27667236328,0.495910644531
1350384439.53,3.27575683594,0.457763671875
1350384441.54,3.27545166016,0.461578369141
1350384443.54,3.27911376953,0.503540039062
1350384445.55,3.27606201172,0.461578369141
1350384447.55,3.28277587891,0.465393066406
1350384449.56,3.28430175781,0.518798828125
1350384451.56,3.28582763672,0.461578369141
1350384453.57,3.29162597656,0.503540039062
1350384455.58,3.29010009766,0.461578369141
1350384457.58,3.29742431641,0.469207763672
1350384459.59,3.29132080078,0.518798828125
1350384461.59,3.29345703125,0.480651855469
1350384463.6,3.29345703125,0.434875488281
1350384465.6,3.28582763672,0.411987304688
1350384467.61,3.29559326172,0.495910644531
1350384469.61,3.30261230469,0.480651855469
1350384471.62,3.29833984375,0.480651855469
1350384473.62,3.29986572266,0.495910644531
1350384475.63,3.29925537109,0.465393066406
1350384477.63,3.29437255859,0.541687011719
1350384479.64,3.30230712891,0.453948974609
1350384481.65,3.30047607422,0.495910644531
1350384483.65,3.30261230469,0.522613525391
1350384485.66,3.30322265625,0.484466552734
1350384487.66,3.30413818359,0.446319580078
1350384489.67,3.30505371094,0.446319580078
1350384491.67,3.30505371094,0.476837158203
1350384493.68,3.30688476562,0.518798828125
1350384495.69,3.30200195312,0.518798828125
1350384497.69,3.30749511719,0.492095947266
1350384499.7,3.30749511719,0.476837158203
1350384501.7,3.31115722656,0.446319580078
1350384503.71,3.30963134766,0.476837158203
1350384505.71,3.30902099609,0.480651855469
1350384507.72,3.310546875,0.484466552734
1350384509.72,3.30780029297,0.461578369141
1350384511.73,3.31207275391,0.492095947266
1350384513.73,3.31176757812,0.469207763672
1350384515.74,3.31512451172,0.469207763672
1350384517.75,3.31268310547,0.442504882812
1350384519.75,3.30780029297,0.450134277344
