1350385514.54,3.35266113281,0.614166259766
1350385516.55,3.35205078125,0.614166259766
1350385518.56,3.35174560547,0.595092773438
1350385520.56,3.35510253906,0.644683837891
1350385522.57,3.35235595703,0.621795654297
1350385524.57,3.35144042969,0.564575195312
1350385526.58,3.35906982422,0.705718994141
1350385528.58,3.35296630859,0.614166259766
1350385530.59,3.349609375,0.583648681641
1350385532.59,3.35083007812,0.614166259766
1350385534.6,3.35113525391,0.625610351562
1350385536.61,3.35235595703,0.583648681641
1350385538.61,3.35174560547,0.564575195312
1350385540.62,3.35296630859,0.579833984375
1350385542.62,3.35510253906,0.644683837891
1350385544.63,3.35205078125,0.568389892578
1350385546.63,3.349609375,0.572204589844
1350385548.64,3.35144042969,0.602722167969
1350385550.64,3.35174560547,0.54931640625
1350385552.65,3.35845947266,0.679016113281
1350385554.65,3.35235595703,0.617980957031
1350385556.66,3.35083007812,0.682830810547
1350385558.67,3.35205078125,0.595092773438
1350385560.67,3.35174560547,0.6103515625
1350385562.68,3.35357666016,0.701904296875
1350385564.68,3.35205078125,0.591278076172
1350385566.69,3.34777832031,0.606536865234
1350385568.69,3.35174560547,0.621795654297
1350385570.7,3.35510253906,0.614166259766
1350385572.7,3.35205078125,0.576019287109
1350385574.71,3.35510253906,0.553131103516
1350385576.71,3.35174560547,0.587463378906
1350385578.72,3.35174560547,0.606536865234
1350385580.72,3.35174560547,0.637054443359
1350385582.73,3.35174560547,0.652313232422
1350385584.74,3.349609375,0.698089599609
1350385586.74,3.35113525391,0.6103515625
1350385588.75,3.34686279297,0.556945800781
1350385590.75,3.35266113281,0.564575195312
1350385592.76,3.35174560547,0.713348388672
1350385594.76,3.35174560547,0.587463378906
1350385596.77,3.35235595703,0.579833984375
1350385598.77,3.35113525391,0.579833984375
1350385600.78,3.35357666016,0.629425048828
1350385602.78,3.35418701172,0.564575195312
1350385604.79,3.35174560547,0.614166259766
1350385606.8,3.35388183594,0.583648681641
1350385608.8,3.35113525391,0.625610351562
1350385610.81,3.35083007812,0.598907470703
1350385612.81,3.35144042969,0.637054443359
1350385614.82,3.35113525391,0.556945800781
1350385616.82,3.35144042969,0.583648681641
1350385618.83,3.34838867188,0.576019287109
1350385620.83,3.34991455078,0.602722167969
1350385622.84,3.35144042969,0.583648681641
1350385624.85,3.35144042969,0.576019287109
1350385626.85,3.35144042969,0.602722167969
1350385628.86,3.35327148438,0.625610351562
1350385630.86,3.35144042969,0.614166259766
1350385632.87,3.35327148438,0.617980957031
1350385634.87,3.35174560547,0.576019287109
1350385636.88,3.35083007812,0.598907470703
1350385638.88,3.34655761719,0.514984130859
1350385640.89,3.35113525391,0.629425048828
1350385642.89,3.35357666016,0.614166259766
1350385644.9,3.35144042969,0.606536865234
1350385646.91,3.35113525391,0.560760498047
1350385648.91,3.35632324219,0.614166259766
1350385650.92,3.35144042969,0.629425048828
1350385652.92,3.35266113281,0.598907470703
1350385654.93,3.35205078125,0.629425048828
1350385656.93,3.35144042969,0.545501708984
1350385658.94,3.35235595703,0.6103515625
1350385660.94,3.35113525391,0.591278076172
1350385662.95,3.35571289062,0.572204589844
1350385664.95,3.35113525391,0.625610351562
1350385666.96,3.34747314453,0.556945800781
1350385668.96,3.35144042969,0.595092773438
1350385670.97,3.34930419922,0.614166259766
1350385672.98,3.35144042969,0.617980957031
1350385674.98,3.35113525391,0.629425048828
1350385676.99,3.35144042969,0.625610351562
1350385678.99,3.35113525391,0.6103515625
1350385681.0,3.34899902344,0.545501708984
1350385683.0,3.35144042969,0.637054443359
1350385685.01,3.34899902344,0.667572021484
1350385687.01,3.35083007812,0.606536865234
1350385689.02,3.35113525391,0.579833984375
1350385691.03,3.35113525391,0.6103515625
1350385693.03,3.35144042969,0.598907470703
1350385695.04,3.35205078125,0.617980957031
1350385697.04,3.35144042969,0.6103515625
1350385699.05,3.349609375,0.507354736328
1350385701.05,3.35113525391,0.637054443359
1350385703.06,3.35083007812,0.6103515625
1350385705.06,3.35113525391,0.579833984375
1350385707.07,3.35205078125,0.591278076172
1350385709.07,3.35083007812,0.587463378906
1350385711.08,3.35174560547,0.583648681641
