1350386254.66,3.23791503906,-27.6412963867
1350386256.67,3.23699951172,-27.6565551758
1350386258.67,3.23394775391,-27.6374816895
1350386260.68,3.23486328125,-27.6641845703
1350386262.69,3.23120117188,-27.587890625
1350386264.69,3.23364257812,-27.645111084
1350386266.7,3.23425292969,-27.6641845703
1350386268.7,3.23059082031,-27.5917053223
1350386270.71,3.23059082031,-27.6107788086
1350386272.71,3.23028564453,-27.587890625
1350386274.72,3.17047119141,-54.8667907715
1350386276.72,3.16589355469,-54.8057556152
1350386278.73,3.16345214844,-54.8629760742
1350386280.74,3.16131591797,-54.7904968262
1350386282.74,3.16040039062,-54.801940918
1350386284.75,3.15826416016,-54.7142028809
1350386286.75,3.15521240234,-54.6836853027
1350386288.76,3.15460205078,-54.6760559082
1350386290.76,3.154296875,-54.6569824219
1350386292.77,3.15216064453,-54.6875
1350386294.78,3.15093994141,-54.6379089355
1350386296.78,3.15063476562,-54.6722412109
1350386298.79,3.1494140625,-54.6340942383
1350386300.79,3.15490722656,-54.6531677246
1350386302.8,3.14758300781,-54.615020752
1350386304.81,3.14422607422,-54.6646118164
1350386306.81,3.14483642578,-54.6073913574
1350386308.82,3.14453125,-54.615020752
1350386310.82,3.14422607422,-54.5959472656
1350386312.83,3.14331054688,-54.6112060547
1350386314.83,3.14178466797,-54.5806884766
1350386316.84,3.14239501953,-54.5806884766
1350386318.84,3.14147949219,-54.5043945312
1350386320.85,3.13995361328,-54.573059082
1350386322.86,3.14056396484,-54.5997619629
1350386324.86,3.13812255859,-54.557800293
1350386326.87,3.14178466797,-54.557800293
1350386328.87,3.13812255859,-54.5196533203
1350386330.88,3.13751220703,-54.500579834
1350386332.88,3.13812255859,-54.515838623
1350386334.89,3.08410644531,-80.4862976074
1350386336.9,3.08380126953,-80.4214477539
1350386338.9,3.07739257812,-80.379486084
1350386340.91,3.076171875,-80.192565918
1350386342.91,3.07373046875,-80.249786377
1350386344.92,3.07525634766,-80.2459716797
1350386346.92,3.07067871094,-80.2383422852
1350386348.93,3.06915283203,-80.1658630371
1350386350.93,3.06518554688,-80.1696777344
1350386352.94,3.06671142578,-80.135345459
1350386354.95,3.07708740234,-80.1620483398
1350386356.95,3.06427001953,-80.1086425781
1350386358.96,3.06274414062,-80.0552368164
1350386360.96,3.06365966797,-80.0361633301
1350386362.97,3.06091308594,-80.005645752
1350386364.97,3.05969238281,-80.0094604492
1350386366.98,3.05877685547,-79.963684082
1350386368.98,3.056640625,-79.9407958984
1350386370.99,3.05603027344,-79.9217224121
1350386372.99,3.05603027344,-79.891204834
1350386375.0,3.05480957031,-79.8797607422
1350386377.01,3.05450439453,-79.8835754395
1350386379.01,3.05267333984,-79.7882080078
1350386381.02,3.05297851562,-79.7958374023
1350386383.02,3.04962158203,-79.7729492188
1350386385.03,3.05114746094,-79.7348022461
1350386387.03,3.05084228516,-79.7233581543
1350386389.04,3.04992675781,-79.6775817871
1350386391.04,3.04870605469,-79.7080993652
1350386393.05,3.04809570312,-79.7004699707
1350386395.05,3.09753417969,-54.0580749512
1350386397.06,3.10302734375,-54.1114807129
1350386399.06,3.10333251953,-54.1114807129
1350386401.07,3.10272216797,-54.1458129883
1350386403.08,3.10485839844,-54.1152954102
1350386405.08,3.16680908203,-27.0195007324
1350386407.09,3.17016601562,-27.0729064941
1350386409.09,3.17169189453,-27.0195007324
1350386411.1,3.17504882812,-27.0347595215
1350386413.1,3.17199707031,-27.1797180176
1350386415.11,3.24096679688,0.42724609375
1350386417.11,3.2470703125,0.450134277344
1350386419.12,3.25012207031,0.42724609375
1350386421.12,3.25347900391,0.457763671875
1350386423.13,3.25073242188,0.48828125
1350386425.14,3.26080322266,0.576019287109
1350386427.14,3.26293945312,0.576019287109
1350386429.15,3.26293945312,0.564575195312
1350386431.15,3.26232910156,0.484466552734
1350386433.16,3.26751708984,0.568389892578
1350386435.16,3.27178955078,0.518798828125
1350386437.17,3.271484375,0.560760498047
1350386439.18,3.27575683594,0.526428222656
1350386441.18,3.26507568359,0.564575195312
1350386443.19,3.27423095703,0.530242919922
1350386445.19,3.27758789062,0.591278076172
1350386447.2,3.28033447266,0.606536865234
1350386449.2,3.28033447266,0.560760498047
1350386451.21,3.28125,0.556945800781
