1350385117.44,3.36090087891,0.6103515625
1350385119.45,3.35754394531,0.560760498047
1350385121.46,3.36090087891,0.591278076172
1350385123.46,3.36029052734,0.614166259766
1350385125.47,3.36242675781,0.553131103516
1350385127.47,3.35968017578,0.617980957031
1350385129.48,3.35632324219,0.686645507812
1350385131.48,3.35815429688,0.572204589844
1350385133.49,3.359375,0.617980957031
1350385135.49,3.35662841797,0.6103515625
1350385137.5,3.359375,0.598907470703
1350385139.51,3.35876464844,0.625610351562
1350385141.51,3.35906982422,0.629425048828
1350385143.52,3.35876464844,0.568389892578
1350385145.52,3.35784912109,0.724792480469
1350385147.53,3.35815429688,0.621795654297
1350385149.53,3.35845947266,0.54931640625
1350385151.54,3.35784912109,0.576019287109
1350385153.54,3.35754394531,0.591278076172
1350385155.55,3.36090087891,0.6103515625
1350385157.55,3.35815429688,0.602722167969
1350385159.56,3.35906982422,0.587463378906
1350385161.57,3.35968017578,0.587463378906
1350385163.57,3.35784912109,0.617980957031
1350385165.58,3.35845947266,0.724792480469
1350385167.58,3.35754394531,0.568389892578
1350385169.59,3.35723876953,0.606536865234
1350385171.59,3.35815429688,0.629425048828
1350385173.6,3.35693359375,0.598907470703
1350385175.6,3.35174560547,0.568389892578
1350385177.61,3.35632324219,0.625610351562
1350385179.61,3.35693359375,0.606536865234
1350385181.62,3.35968017578,0.560760498047
1350385183.63,3.35662841797,0.591278076172
1350385185.63,3.35632324219,0.625610351562
1350385187.64,3.35845947266,0.648498535156
1350385189.64,3.35632324219,0.6103515625
1350385191.65,3.35723876953,0.606536865234
1350385193.65,3.35632324219,0.621795654297
1350385195.66,3.35601806641,0.595092773438
1350385197.66,3.35601806641,0.591278076172
1350385199.67,3.35266113281,0.602722167969
1350385201.68,3.35784912109,0.720977783203
1350385203.68,3.35388183594,0.606536865234
1350385205.69,3.35662841797,0.591278076172
1350385207.69,3.35723876953,0.614166259766
1350385209.7,3.35601806641,0.6103515625
1350385211.7,3.35479736328,0.564575195312
1350385213.71,3.35327148438,0.633239746094
1350385215.71,3.35357666016,0.587463378906
1350385217.72,3.35571289062,0.621795654297
1350385219.72,3.35540771484,0.564575195312
1350385221.73,3.35021972656,0.606536865234
1350385223.74,3.35540771484,0.537872314453
1350385225.74,3.35327148438,0.633239746094
1350385227.75,3.35540771484,0.6103515625
1350385229.75,3.35601806641,0.629425048828
1350385231.76,3.35601806641,0.656127929688
1350385233.76,3.35510253906,0.602722167969
1350385235.77,3.35968017578,0.6103515625
1350385237.77,3.35510253906,0.587463378906
1350385239.78,3.35296630859,0.629425048828
1350385241.78,3.35510253906,0.602722167969
1350385243.79,3.3544921875,0.625610351562
1350385245.8,3.35479736328,0.54931640625
1350385247.8,3.35479736328,0.598907470703
1350385249.81,3.35723876953,0.606536865234
1350385251.81,3.35510253906,0.614166259766
1350385253.82,3.35601806641,0.602722167969
1350385255.82,3.3544921875,0.717163085938
1350385257.83,3.3544921875,0.587463378906
1350385259.83,3.35418701172,0.598907470703
1350385261.84,3.3544921875,0.606536865234
1350385263.84,3.35479736328,0.648498535156
1350385265.85,3.35388183594,0.583648681641
1350385267.86,3.3544921875,0.583648681641
1350385269.86,3.35327148438,0.526428222656
1350385271.87,3.35479736328,0.564575195312
1350385273.87,3.35754394531,0.591278076172
1350385275.88,3.3544921875,0.614166259766
1350385277.88,3.35540771484,0.595092773438
1350385279.89,3.35510253906,0.614166259766
1350385281.89,3.35479736328,0.644683837891
1350385283.9,3.35235595703,0.537872314453
1350385285.91,3.35479736328,0.587463378906
1350385287.91,3.35418701172,0.572204589844
1350385289.92,3.3544921875,0.614166259766
1350385291.92,3.35327148438,0.587463378906
1350385293.93,3.35418701172,0.591278076172
1350385295.93,3.35388183594,0.602722167969
1350385297.94,3.35266113281,0.579833984375
1350385299.94,3.35296630859,0.545501708984
1350385301.95,3.35357666016,0.640869140625
1350385303.96,3.35266113281,0.6103515625
1350385305.96,3.35388183594,0.6103515625
1350385307.97,3.35357666016,0.560760498047
1350385309.97,3.35144042969,0.564575195312
1350385311.98,3.35388183594,0.587463378906
1350385313.98,3.35205078125,0.717163085938
