1350385315.99,3.35388183594,0.606536865234
1350385318.0,3.35388183594,0.572204589844
1350385320.0,3.35357666016,0.6103515625
1350385322.01,3.35693359375,0.541687011719
1350385324.02,3.35357666016,0.54931640625
1350385326.02,3.35479736328,0.587463378906
1350385328.03,3.35357666016,0.633239746094
1350385330.03,3.3544921875,0.640869140625
1350385332.04,3.35357666016,0.602722167969
1350385334.04,3.35327148438,0.617980957031
1350385336.05,3.35662841797,0.667572021484
1350385338.06,3.35571289062,0.6103515625
1350385340.06,3.35418701172,0.621795654297
1350385342.07,3.35327148438,0.564575195312
1350385344.07,3.35327148438,0.637054443359
1350385346.08,3.35327148438,0.568389892578
1350385348.08,3.35327148438,0.587463378906
1350385350.09,3.35327148438,0.598907470703
1350385352.09,3.35174560547,0.621795654297
1350385354.1,3.35327148438,0.572204589844
1350385356.1,3.35327148438,0.595092773438
1350385358.11,3.35266113281,0.656127929688
1350385360.12,3.35327148438,0.614166259766
1350385362.12,3.35296630859,0.606536865234
1350385364.13,3.35296630859,0.633239746094
1350385366.13,3.35357666016,0.625610351562
1350385368.14,3.35235595703,0.675201416016
1350385370.14,3.35296630859,0.545501708984
1350385372.15,3.35418701172,0.690460205078
1350385374.15,3.35296630859,0.637054443359
1350385376.16,3.35266113281,0.633239746094
1350385378.17,3.35144042969,0.568389892578
1350385380.17,3.35296630859,0.633239746094
1350385382.18,3.35571289062,0.633239746094
1350385384.18,3.35418701172,0.629425048828
1350385386.19,3.35571289062,0.6103515625
1350385388.19,3.35327148438,0.598907470703
1350385390.2,3.35174560547,0.595092773438
1350385392.21,3.35296630859,0.606536865234
1350385394.21,3.34991455078,0.576019287109
1350385396.22,3.35327148438,0.625610351562
1350385398.22,3.3544921875,0.614166259766
1350385400.23,3.35357666016,0.602722167969
1350385402.24,3.35662841797,0.633239746094
1350385404.24,3.35327148438,0.576019287109
1350385406.25,3.35296630859,0.606536865234
1350385408.25,3.35327148438,0.728607177734
1350385410.26,3.35327148438,0.629425048828
1350385412.26,3.35205078125,0.572204589844
1350385414.27,3.35266113281,0.617980957031
1350385416.27,3.35235595703,0.617980957031
1350385418.28,3.36090087891,0.545501708984
1350385420.28,3.35327148438,0.6103515625
1350385422.29,3.35357666016,0.560760498047
1350385424.3,3.35052490234,0.587463378906
1350385426.3,3.35266113281,0.572204589844
1350385428.31,3.34991455078,0.583648681641
1350385430.31,3.35235595703,0.576019287109
1350385432.32,3.35174560547,0.595092773438
1350385434.32,3.35052490234,0.537872314453
1350385436.33,3.35296630859,0.606536865234
1350385438.33,3.35418701172,0.537872314453
1350385440.34,3.35235595703,0.499725341797
1350385442.34,3.35235595703,0.568389892578
1350385444.35,3.35479736328,0.625610351562
1350385446.36,3.35266113281,0.587463378906
1350385448.36,3.35266113281,0.576019287109
1350385450.37,3.35266113281,0.621795654297
1350385452.37,3.35296630859,0.568389892578
1350385454.38,3.35357666016,0.629425048828
1350385456.38,3.35235595703,0.6103515625
1350385458.39,3.34869384766,0.530242919922
1350385460.39,3.35266113281,0.614166259766
1350385462.4,3.35113525391,0.637054443359
1350385464.41,3.35174560547,0.602722167969
1350385466.41,3.35266113281,0.583648681641
1350385468.42,3.3544921875,0.629425048828
1350385470.42,3.35174560547,0.6103515625
1350385472.43,3.35174560547,0.537872314453
1350385474.43,3.35235595703,0.587463378906
1350385476.44,3.35174560547,0.640869140625
1350385478.44,3.35083007812,0.602722167969
1350385480.45,3.35235595703,0.564575195312
1350385482.46,3.35021972656,0.564575195312
1350385484.46,3.35815429688,0.595092773438
1350385486.47,3.35266113281,0.621795654297
1350385488.47,3.35327148438,0.553131103516
1350385490.48,3.35266113281,0.617980957031
1350385492.48,3.35235595703,0.576019287109
1350385494.49,3.35418701172,0.553131103516
1350385496.49,3.35083007812,0.576019287109
1350385498.5,3.35205078125,0.6103515625
1350385500.5,3.35296630859,0.648498535156
1350385502.51,3.35266113281,0.652313232422
1350385504.52,3.35235595703,0.614166259766
1350385506.52,3.35174560547,0.656127929688
1350385508.53,3.35205078125,0.606536865234
1350385510.53,3.35296630859,0.572204589844
1350385512.54,3.35083007812,0.579833984375
