1350384521.76,3.31390380859,0.453948974609
1350384523.77,3.31451416016,0.465393066406
1350384525.77,3.31573486328,0.602722167969
1350384527.78,3.31481933594,0.450134277344
1350384529.78,3.31176757812,0.461578369141
1350384531.79,3.3154296875,0.495910644531
1350384533.79,3.31359863281,0.442504882812
1350384535.8,3.31695556641,0.453948974609
1350384537.81,3.31726074219,0.461578369141
1350384539.81,3.31726074219,0.484466552734
1350384541.82,3.31726074219,0.499725341797
1350384543.82,3.31573486328,0.438690185547
1350384545.83,3.31756591797,0.511169433594
1350384547.83,3.3154296875,0.473022460938
1350384549.84,3.31848144531,0.465393066406
1350384551.84,3.31817626953,0.457763671875
1350384553.85,3.32214355469,0.499725341797
1350384555.85,3.31909179688,0.484466552734
1350384557.86,3.31604003906,0.461578369141
1350384559.87,3.31878662109,0.465393066406
1350384561.87,3.1982421875,-55.1223754883
1350384563.88,3.12530517578,-80.9631347656
1350384565.88,3.11645507812,-80.8372497559
1350384567.89,3.11065673828,-80.6770324707
1350384569.89,3.10546875,-80.6198120117
1350384571.9,3.09906005859,-80.4672241211
1350384573.9,3.09387207031,-80.2192687988
1350384575.91,3.09112548828,-80.2001953125
1350384577.92,3.08868408203,-80.1620483398
1350384579.92,3.08898925781,-80.1773071289
1350384581.93,3.08349609375,-80.2116394043
1350384583.93,3.08044433594,-80.1162719727
1350384585.94,3.08074951172,-79.9980163574
1350384587.94,3.07586669922,-79.9865722656
1350384589.95,3.07922363281,-79.9407958984
1350384591.95,3.07281494141,-79.9713134766
1350384593.96,3.24371337891,0.499725341797
1350384595.96,3.25897216797,0.499725341797
1350384597.97,3.25988769531,0.48828125
1350384599.98,3.31420898438,20.076751709
1350384601.98,3.31756591797,20.8282470703
1350384603.99,3.3251953125,20.0500488281
1350384605.99,3.33557128906,22.3693847656
1350384608.0,3.33587646484,20.2941894531
1350384610.0,3.33892822266,20.824432373
1350384612.01,3.34045410156,20.565032959
1350384614.01,3.34381103516,19.8783874512
1350384616.02,3.35418701172,20.4734802246
1350384618.03,3.35021972656,21.4729309082
1350384620.03,3.35479736328,21.6827392578
1350384622.04,3.35784912109,20.2980041504
1350384624.04,3.35968017578,20.5574035645
1350384626.05,3.35845947266,21.1944580078
1350384628.05,3.36120605469,21.785736084
1350384630.06,3.36242675781,19.9394226074
1350384632.06,3.3642578125,19.962310791
1350384634.07,3.36547851562,20.0614929199
1350384636.07,3.37005615234,20.7481384277
1350384638.08,3.36883544922,20.3056335449
1350384640.09,3.37036132812,20.8778381348
1350384642.09,3.37066650391,20.9312438965
1350384644.1,3.37310791016,20.2255249023
1350384646.11,3.37554931641,21.7590332031
1350384648.11,3.37371826172,20.5192565918
1350384650.12,3.37890625,20.5230712891
1350384652.12,3.38012695312,21.5606689453
1350384654.13,3.38348388672,20.6413269043
1350384656.13,3.37890625,20.0538635254
1350384658.14,3.38134765625,20.6565856934
1350384660.15,3.38714599609,20.565032959
1350384662.15,3.38104248047,20.0271606445
1350384664.16,3.38500976562,19.775390625
1350384666.16,3.388671875,21.8772888184
1350384668.17,3.38806152344,21.5034484863
1350384670.17,3.38775634766,21.2249755859
1350384672.18,3.38897705078,20.9274291992
1350384674.18,3.38958740234,20.4772949219
1350384676.19,3.39172363281,20.2865600586
1350384678.2,3.39202880859,20.7290649414
1350384680.2,3.39111328125,20.3514099121
1350384682.21,3.38745117188,20.3399658203
1350384684.21,3.39324951172,20.3742980957
1350384686.22,3.39263916016,20.1873779297
1350384688.22,3.39233398438,20.2484130859
1350384690.23,3.39691162109,21.7933654785
1350384692.23,3.39508056641,21.6064453125
1350384694.24,3.39630126953,20.8435058594
1350384696.25,3.39630126953,20.3742980957
1350384698.25,3.39630126953,19.8364257812
1350384700.26,3.39416503906,20.3971862793
1350384702.26,3.40057373047,21.3317871094
1350384704.27,3.39874267578,22.3541259766
1350384706.27,3.39996337891,20.2789306641
1350384708.28,3.39904785156,21.5873718262
1350384710.28,3.40057373047,20.8015441895
1350384712.29,3.3984375,20.435333252
1350384714.3,3.40057373047,20.2980041504
1350384716.3,3.40301513672,20.9045410156
1350384718.31,3.40209960938,21.3279724121
