1350385713.09,3.35113525391,0.591278076172
1350385715.09,3.34930419922,0.640869140625
1350385717.1,3.35144042969,0.606536865234
1350385719.1,3.35052490234,0.633239746094
1350385721.11,3.35113525391,0.602722167969
1350385723.12,3.35113525391,0.576019287109
1350385725.12,3.35113525391,0.591278076172
1350385727.13,3.35113525391,0.587463378906
1350385729.13,3.35174560547,0.572204589844
1350385731.14,3.35296630859,0.633239746094
1350385733.14,3.35144042969,0.652313232422
1350385735.15,3.35144042969,0.617980957031
1350385737.15,3.35083007812,0.606536865234
1350385739.16,3.35021972656,0.591278076172
1350385741.16,3.35144042969,0.530242919922
1350385743.17,3.35113525391,0.579833984375
1350385745.18,3.35083007812,0.541687011719
1350385747.18,3.35083007812,0.629425048828
1350385749.19,3.35144042969,0.583648681641
1350385751.19,3.35083007812,0.602722167969
1350385753.2,3.35205078125,0.598907470703
1350385755.2,3.35144042969,0.576019287109
1350385757.21,3.34716796875,0.640869140625
1350385759.21,3.35113525391,0.587463378906
1350385761.22,3.35693359375,0.640869140625
1350385763.23,3.35083007812,0.614166259766
1350385765.23,3.34625244141,0.556945800781
1350385767.24,3.35052490234,0.583648681641
1350385769.24,3.34869384766,0.572204589844
1350385771.25,3.35296630859,0.568389892578
1350385773.25,3.35205078125,0.572204589844
1350385775.26,3.35144042969,0.614166259766
1350385777.26,3.35052490234,0.644683837891
1350385779.27,3.35052490234,0.583648681641
1350385781.27,3.28002929688,-27.9083251953
1350385783.28,3.27270507812,-27.8816223145
1350385785.29,3.26843261719,-27.8968811035
1350385787.29,3.26416015625,-27.9388427734
1350385789.3,3.30932617188,-9.06753540039
1350385791.3,3.30718994141,-8.29696655273
1350385793.31,3.30749511719,-7.9231262207
1350385795.31,3.30871582031,-8.42666625977
1350385797.32,3.30841064453,-8.63647460938
1350385799.32,3.30780029297,-8.18252563477
1350385801.33,3.30718994141,-7.58361816406
1350385803.34,3.30718994141,-7.70568847656
1350385805.34,3.30474853516,-7.49206542969
1350385807.35,3.30627441406,-7.99179077148
1350385809.35,3.30718994141,-6.5803527832
1350385811.36,3.30535888672,-8.55255126953
1350385813.36,3.30444335938,-8.68988037109
1350385815.37,3.30413818359,-8.03756713867
1350385817.37,3.29986572266,-8.63265991211
1350385819.38,3.29742431641,-10.9748840332
1350385821.38,3.29803466797,-12.7716064453
1350385823.39,3.28918457031,-13.973236084
1350385825.4,3.28125,-15.8348083496
1350385827.4,3.27850341797,-17.3149108887
1350385829.41,3.27758789062,-17.8527832031
1350385831.41,3.27453613281,-17.4407958984
1350385833.42,3.27239990234,-18.06640625
1350385835.42,3.27117919922,-17.8489685059
1350385837.43,3.27117919922,-18.3334350586
1350385839.44,3.26934814453,-18.1655883789
1350385841.44,3.26751708984,-17.7230834961
1350385843.45,3.26782226562,-18.1846618652
1350385845.45,3.26538085938,-17.8413391113
1350385847.46,3.26751708984,-19.3786621094
1350385849.46,3.26477050781,-18.5737609863
1350385851.47,3.26538085938,-18.2609558105
1350385853.47,3.26477050781,-17.9862976074
1350385855.48,3.26354980469,-18.0168151855
1350385857.49,3.26110839844,-18.5890197754
1350385859.49,3.25988769531,-18.5699462891
1350385861.5,3.26080322266,-18.2991027832
1350385863.5,3.26019287109,-18.5127258301
1350385865.51,3.26080322266,-17.9443359375
1350385867.51,3.26080322266,-18.8941955566
1350385869.52,3.25988769531,-18.5356140137
1350385871.52,3.25775146484,-18.9399719238
1350385873.53,3.25561523438,-18.6767578125
1350385875.53,3.26080322266,-17.8833007812
1350385877.54,3.25836181641,-18.3410644531
1350385879.55,3.25653076172,-18.2838439941
1350385881.55,3.25714111328,-19.4664001465
1350385883.56,3.25744628906,-18.4898376465
1350385885.56,3.25500488281,-18.684387207
1350385887.57,3.25622558594,-18.913269043
1350385889.57,3.25439453125,-17.7993774414
1350385891.58,3.2568359375,-18.741607666
1350385893.58,3.25225830078,-19.2604064941
1350385895.59,3.25622558594,-17.9748535156
1350385897.59,3.25744628906,-18.1846618652
1350385899.6,3.25500488281,-18.4898376465
1350385901.61,3.25592041016,-18.1732177734
1350385903.61,3.25561523438,-18.1655883789
1350385905.62,3.25317382812,-18.1274414062
1350385907.62,3.25408935547,-18.3753967285
1350385909.63,3.25317382812,-18.4326171875
