1350384918.9,3.42956542969,20.3399658203
1350384920.9,3.42895507812,19.458770752
1350384922.91,3.42926025391,19.9966430664
1350384924.92,3.42987060547,19.8593139648
1350384926.92,3.43109130859,20.938873291
1350384928.93,3.43017578125,21.2898254395
1350384930.93,3.43109130859,20.9922790527
1350384932.94,3.42956542969,20.1683044434
1350384934.94,3.43078613281,20.4963684082
1350384936.95,3.43414306641,20.4849243164
1350384938.96,3.43231201172,20.9770202637
1350384940.96,3.4326171875,19.2756652832
1350384942.97,3.43963623047,19.7830200195
1350384944.97,3.43231201172,20.3132629395
1350384946.98,3.43322753906,20.7672119141
1350384948.98,3.43139648438,20.9007263184
1350384950.99,3.43505859375,21.4958190918
1350384952.99,3.43719482422,20.3628540039
1350384955.0,3.43505859375,20.8511352539
1350384957.0,3.43505859375,19.7639465332
1350384959.01,3.43414306641,19.6113586426
1350384961.01,3.43566894531,20.9197998047
1350384963.02,3.4375,19.7982788086
1350384965.03,3.43688964844,21.8353271484
1350384967.03,3.43780517578,21.9230651855
1350384969.04,3.4375,19.847869873
1350384971.04,3.4375,19.6952819824
1350384973.05,3.43994140625,20.6260681152
1350384975.05,3.43780517578,20.9312438965
1350384977.06,3.44085693359,21.3813781738
1350384979.06,3.43902587891,21.2211608887
1350384981.07,3.43933105469,19.3557739258
1350384983.08,3.43811035156,19.7944641113
1350384985.08,3.43963623047,20.1988220215
1350384987.09,3.4423828125,21.4767456055
1350384989.09,3.44268798828,21.7552185059
1350384991.1,3.44177246094,20.9007263184
1350384993.1,3.44451904297,20.4734802246
1350384995.11,3.44116210938,19.8402404785
1350384997.11,3.43994140625,20.076751709
1350384999.12,3.44360351562,20.0386047363
1350385001.12,3.44299316406,20.2407836914
1350385003.13,3.44177246094,21.0380554199
1350385005.14,3.44177246094,20.3628540039
1350385007.14,3.44360351562,20.8015441895
1350385009.15,3.44665527344,21.1524963379
1350385011.15,3.44451904297,20.5383300781
1350385013.16,3.44451904297,20.1301574707
1350385015.16,3.39782714844,0.648498535156
1350385017.17,3.39385986328,0.621795654297
1350385019.17,3.38958740234,0.633239746094
1350385021.18,3.38775634766,0.602722167969
1350385023.18,3.38470458984,0.637054443359
1350385025.19,3.38439941406,0.583648681641
1350385027.2,3.38043212891,0.553131103516
1350385029.2,3.38500976562,0.602722167969
1350385031.21,3.38226318359,0.598907470703
1350385033.21,3.37951660156,0.568389892578
1350385035.22,3.37890625,0.606536865234
1350385037.22,3.37738037109,0.640869140625
1350385039.23,3.37677001953,0.682830810547
1350385041.23,3.37524414062,0.572204589844
1350385043.24,3.37554931641,0.560760498047
1350385045.24,3.37432861328,0.602722167969
1350385047.25,3.3740234375,0.759124755859
1350385049.26,3.37280273438,0.621795654297
1350385051.26,3.37280273438,0.652313232422
1350385053.27,3.37127685547,0.602722167969
1350385055.27,3.37066650391,0.614166259766
1350385057.28,3.37066650391,0.583648681641
1350385059.28,3.37005615234,0.614166259766
1350385061.29,3.36730957031,0.598907470703
1350385063.29,3.36853027344,0.629425048828
1350385065.3,3.37005615234,0.530242919922
1350385067.3,3.36761474609,0.606536865234
1350385069.31,3.37524414062,0.415802001953
1350385071.32,3.36700439453,0.617980957031
1350385073.32,3.3642578125,0.606536865234
1350385075.33,3.36669921875,0.587463378906
1350385077.33,3.36547851562,0.572204589844
1350385079.34,3.36517333984,0.625610351562
1350385081.34,3.36486816406,0.617980957031
1350385083.35,3.36517333984,0.606536865234
1350385085.35,3.36486816406,0.625610351562
1350385087.36,3.36242675781,0.537872314453
1350385089.37,3.36364746094,0.587463378906
1350385091.37,3.36395263672,0.564575195312
1350385093.38,3.36303710938,0.564575195312
1350385095.38,3.36334228516,0.595092773438
1350385097.39,3.36120605469,0.598907470703
1350385099.39,3.36151123047,0.598907470703
1350385101.4,3.36212158203,0.614166259766
1350385103.4,3.36059570312,0.743865966797
1350385105.41,3.36151123047,0.576019287109
1350385107.41,3.36120605469,0.640869140625
1350385109.42,3.36181640625,0.621795654297
1350385111.43,3.36090087891,0.602722167969
1350385113.43,3.36303710938,0.54931640625
1350385115.44,3.36090087891,0.625610351562
