2005.28682804,3.51898193359,21.2669372559,32.458042291
2007.29435301,3.51837158203,19.9089050293,32.4695230593
2009.30187607,3.51135253906,20.6604003906,32.4808347004
2011.30899119,3.51318359375,20.679473877,32.4923588514
2013.31720114,3.51257324219,20.4315185547,32.5038254491
2015.32263207,3.51776123047,20.3094482422,32.5151731151
2017.3268652,3.51501464844,20.4429626465,32.526517189
2019.33458114,3.51776123047,21.4805603027,32.5382075397
2021.34237504,3.51959228516,20.8625793457,32.5500153588
2023.34839606,3.51654052734,19.5426940918,32.5612728349
2025.35430312,3.51867675781,20.881652832,32.5725349853
2027.36315203,3.51776123047,20.4734802246,32.5840733483
2029.36868715,3.51470947266,19.8822021484,32.5953142842
2031.37627602,3.51898193359,21.728515625,32.606916675
2033.38365197,3.51409912109,19.9432373047,32.6185348521
2035.3912282,3.51867675781,21.3623046875,32.6300520777
2037.39870405,3.51776123047,19.7639465332,32.6415187383
2039.40491509,3.51745605469,20.1759338379,32.6526476034
2041.41075397,3.51898193359,21.1486816406,32.6641601756
2043.41642904,3.52172851562,20.1072692871,32.6756526802
2045.42213011,3.51776123047,20.4277038574,32.6869444911
2047.42807102,3.51959228516,20.7061767578,32.6984045097
2049.43515515,3.51959228516,20.8053588867,32.7099763353
2051.44085503,3.51715087891,20.5078125,32.7214849218
2053.44672012,3.51898193359,21.1868286133,32.7331007309
2055.45250916,3.51531982422,19.7982788086,32.7445184364
2057.458354,3.52142333984,21.0914611816,32.755909891
2059.46406817,3.52020263672,21.5492248535,32.7677883672
2061.46989202,3.52203369141,20.0614929199,32.7793805575
2063.47556901,3.51806640625,20.3819274902,32.7906467294
2065.48328519,3.51837158203,20.263671875,32.8019807332
2067.489012,3.51715087891,20.9770202637,32.8134692835
2069.49480414,3.51959228516,20.5383300781,32.8250347228
2071.501019,3.52020263672,21.183013916,32.8366599979
2073.50678802,3.51684570312,20.1416015625,32.8481721692
2075.51378918,3.52264404297,21.1334228516,32.8596775889
2077.51958799,3.51715087891,20.2445983887,32.8712048092
2079.52541709,3.51989746094,20.8168029785,32.8826439972
2081.53117204,3.52020263672,19.9317932129,32.8939956219
2083.53703213,3.52020263672,21.0266113281,32.9054062926
2085.54277301,3.51898193359,20.9846496582,32.9171095848
2087.54839301,3.52081298828,19.8364257812,32.9284806356
2089.55413604,3.52020263672,20.3628540039,32.9396791668
2091.561553,3.52142333984,21.656036377,32.9513943659
2093.56919098,3.51989746094,20.3018188477,32.9630938358
2095.57666898,3.51928710938,21.0723876953,32.9746296427
2097.58287597,3.525390625,20.9121704102,32.9863282141
2099.59021711,3.52172851562,22.274017334,32.9983684101
2101.59696198,3.51898193359,19.7868347168,33.0100913822
2103.60278797,3.52020263672,21.3508605957,33.021551807
2105.60852599,3.51715087891,20.1835632324,33.0331222477
2107.61433911,3.51989746094,20.4887390137,33.0444529473
2109.62270808,3.52142333984,20.0843811035,33.0557704189
2111.6277051,3.52020263672,20.206451416,33.0669902799
2113.63415813,3.51989746094,21.4920043945,33.0786105567
2115.63973403,3.52020263672,20.6108093262,33.0903383885
2117.64546418,3.51684570312,21.1791992188,33.1019799829
2119.6512661,3.5205078125,19.7486877441,33.113381821
2121.65698099,3.52081298828,20.9350585938,33.1247151538
2123.66277218,3.52325439453,21.6751098633,33.1365855844
2125.66850114,3.52142333984,19.6113586426,33.148086899
2127.67543101,3.52081298828,20.5268859863,33.1592750438
2129.68109798,3.51867675781,20.0881958008,33.1705889782
2131.68689299,3.51654052734,21.4538574219,33.1821618731
2133.69261718,3.52081298828,20.9350585938,33.1939702723
2135.69833803,3.52386474609,19.3290710449,33.2051867451
2137.70545816,3.52020263672,19.4396972656,33.2159941861
2139.71121597,3.52142333984,21.1372375488,33.2272980061
2141.71685719,3.52264404297,21.1563110352,33.2390793512
2143.72390008,3.52264404297,20.9541320801,33.250817888
2145.73149109,3.5205078125,20.3857421875,33.2623447713
2147.73904204,3.52142333984,20.7176208496,33.2738054791
2149.74516201,3.52172851562,21.5072631836,33.2855705045
2151.75274706,3.52203369141,19.9813842773,33.2971388362
2153.76129007,3.52264404297,21.2593078613,33.3086435173
2155.76873112,3.52172851562,20.4086303711,33.3202610075
2157.77505517,3.52264404297,20.8358764648,33.3317540417
2159.78082609,3.52294921875,21.842956543,33.3436434809
2161.78658819,3.51043701172,20.076751709,33.3553213923
2163.79232097,3.51989746094,20.694732666,33.3666792677
2165.798033,3.52294921875,21.2631225586,33.3783675142
2167.80378199,3.52386474609,20.4658508301,33.389992215
2169.81201696,3.51959228516,21.053314209,33.4015728039
2171.81757998,3.5205078125,20.6108093262,33.4131783629
2173.82335305,3.52172851562,19.4549560547,33.4243398675
2175.82910419,3.52203369141,21.9116210938,33.4358636257
2177.83485603,3.52020263672,20.4544067383,33.4476658117
2179.84186196,3.52142333984,21.110534668,33.4592520733
2181.84729099,3.52447509766,20.8511352539,33.4709397332
2183.85287404,3.52294921875,20.4238891602,33.4824370233
2185.85858703,3.52264404297,20.8511352539,33.4939350584
2187.86437511,3.52203369141,20.4010009766,33.5054271478
2189.87027097,3.52264404297,20.9159851074,33.5169379215
2191.87823701,3.52264404297,20.8892822266,33.5285967489
2193.88367319,3.52508544922,20.6756591797,33.5401739486
2195.88980818,3.52172851562,20.5001831055,33.5516467677
2197.89536715,3.52203369141,20.6451416016,33.563107792
2199.9010942,3.52294921875,21.5797424316,33.5748705131
2201.90860415,3.52355957031,20.9350585938,33.5867245251
