1409.390728,3.50494384766,20.824432373,29.0350511382
1411.39683509,3.50646972656,20.1301574707,29.0464621511
1413.40279818,3.50799560547,20.8511352539,29.0578797845
1415.40837812,3.50646972656,21.3356018066,29.069631017
1417.41468811,3.50555419922,19.6876525879,29.0810623177
1419.42105508,3.50677490234,21.3050842285,29.092485439
1421.42771411,3.50524902344,19.9966430664,29.1039963396
1423.43344402,3.50372314453,20.1454162598,29.1151788575
1425.43916202,3.50646972656,20.336151123,29.1264558864
1427.44486809,3.50433349609,20.9770202637,29.1379645084
1429.4507401,3.50830078125,21.7628479004,29.1498715508
1431.45688605,3.505859375,21.7933654785,29.1620076788
1433.46267319,3.50616455078,21.8544006348,29.174167141
1435.46842599,3.50250244141,20.0080871582,29.1858290579
1437.47427416,3.505859375,20.5535888672,29.1971291362
1439.47997117,3.505859375,21.0037231445,29.2087057163
1441.48595214,3.50189208984,20.7710266113,29.2203445153
1443.49164104,3.50524902344,20.2713012695,29.2317775906
1445.49718308,3.50311279297,20.4162597656,29.2431110092
1447.50306797,3.505859375,20.1072692871,29.2544006667
1449.50885701,3.50494384766,21.0037231445,29.2658534415
1451.5156281,3.50616455078,21.2516784668,29.2776307912
1453.52118707,3.50616455078,20.5612182617,29.2892777676
1455.52702904,3.50860595703,21.2135314941,29.3009157602
1457.53115106,3.50311279297,20.7061767578,29.3125841227
1459.5386982,3.50646972656,20.5688476562,29.3240926723
1461.54529214,3.50769042969,20.9808349609,29.3356723031
1463.55151415,3.50433349609,19.8936462402,29.3470616481
1465.55846405,3.50494384766,20.580291748,29.3583434767
1467.56392813,3.50494384766,19.5274353027,29.3695149497
1469.57057214,3.50738525391,21.541595459,29.3809609114
1471.57677817,3.50921630859,20.7481384277,29.3927445114
1473.58123803,3.50616455078,20.694732666,29.4042820907
1475.58833599,3.50616455078,19.889831543,29.4155955902
1477.5950191,3.50830078125,21.9993591309,29.4272703584
1479.60078502,3.50799560547,20.2522277832,29.4390407463
1481.60742617,3.50646972656,21.2707519531,29.4506132074
1483.61403418,3.50494384766,20.1416015625,29.4621546463
1485.61969113,3.50646972656,20.5879211426,29.4735004034
1487.62585306,3.50921630859,21.2554931641,29.4851593846
1489.63194299,3.50860595703,21.1982727051,29.4969880057
1491.6388371,3.50646972656,20.7405090332,29.5086778243
1493.64429116,3.50646972656,19.6113586426,29.5199172434
1495.65108609,3.50952148438,20.4124450684,29.5310727387
1497.65650916,3.50891113281,20.2789306641,29.5424065475
1499.66226506,3.50708007812,20.8511352539,29.5538644465
1501.66893101,3.50463867188,19.6380615234,29.5651489315
1503.67468715,3.50433349609,21.7514038086,29.5766790946
1505.68108916,3.50433349609,20.8473205566,29.588549951
1507.68719912,3.50860595703,21.4004516602,29.600321295
1509.69394708,3.505859375,20.8358764648,29.6120931929
1511.70018911,3.50860595703,20.0309753418,29.6234805257
1513.70593619,3.50891113281,20.7481384277,29.6348406074
1515.71245408,3.50738525391,20.751953125,29.6464059791
1517.71828103,3.5107421875,20.4696655273,29.6578897893
1519.7240572,3.51165771484,20.7443237305,29.6693711834
1521.73035717,3.50799560547,21.2554931641,29.6810745489
1523.73570919,3.50708007812,20.5535888672,29.692719261
1525.74178815,3.50769042969,20.7710266113,29.7042332112
1527.74832606,3.50250244141,20.8435058594,29.7158305914
1529.75471497,3.50280761719,20.4391479492,29.7273346273
1531.7614851,3.50830078125,21.6903686523,29.739076885
1533.76741219,3.50708007812,20.0309753418,29.7507004925
1535.77333808,3.49853515625,19.3786621094,29.7616800498
1537.77930999,3.50799560547,21.1982727051,29.7729850763
1539.78616214,3.50860595703,21.7819213867,29.7849649229
1541.79255414,3.50799560547,20.8587646484,29.7968474133
1543.7985642,3.50646972656,22.7813720703,29.8090061013
1545.80588198,3.50830078125,20.8892822266,29.8211812236
1547.81181717,3.50738525391,20.9655761719,29.8328420755
1549.81775713,3.50616455078,19.7792053223,29.8441936846
1551.82422614,3.50982666016,21.4385986328,29.8556801077
1553.83052015,3.50646972656,21.1524963379,29.8675481992
1555.83642697,3.50769042969,20.5764770508,29.8791738148
1557.84251118,3.50646972656,19.9089050293,29.8904539655
1559.84844613,3.50708007812,20.9045410156,29.9018246764
1561.855268,3.5107421875,21.6522216797,29.9136863211
1563.86118007,3.50952148438,20.7176208496,29.9254905125
1565.86788416,3.50799560547,19.9165344238,29.9368156133
1567.87207007,3.50799560547,20.7061767578,29.9481233169
1569.88186717,3.50921630859,20.8930969238,29.9597352751
1571.88798809,3.51013183594,21.0952758789,29.9714344075
1573.89370608,3.50982666016,20.1835632324,29.9829335339
1575.89987111,3.50921630859,20.378112793,29.9942353973
1577.90578604,3.51043701172,21.7094421387,30.0059609604
1579.91147113,3.50708007812,19.1459655762,30.017341944
1581.91746712,3.50433349609,20.1759338379,30.0282974402
1583.92285919,3.51318359375,21.1029052734,30.0397946981
1585.92834997,3.50708007812,19.2642211914,30.0510385731
1587.93389511,3.50860595703,21.1219787598,30.0622880657
1589.93940616,3.50311279297,21.7552185059,30.0742312175
1591.9449482,3.50921630859,20.8206176758,30.0860906105
1593.95046997,3.50982666016,19.9546813965,30.0974483535
1595.95585608,3.50830078125,20.4696655273,30.1087075791
1597.96203399,3.50799560547,20.1072692871,30.1200137666
1599.9675281,3.50921630859,20.7099914551,30.1313830411
1601.97354507,3.50860595703,19.8554992676,30.1426851331
1603.97903299,3.50860595703,20.5574035645,30.1539417426
1605.98565412,3.50982666016,21.3508605957,30.165621466
