2601.21010518,3.53454589844,19.4816589355,35.8761669322
2603.21590519,3.53515625,21.1143493652,35.8874763036
2605.22170806,3.53454589844,20.6184387207,35.8991023794
2607.22752309,3.53271484375,19.832611084,35.9103714521
2609.23320603,3.53546142578,22.1710205078,35.922072281
2611.23956418,3.53546142578,21.5835571289,35.9342649689
2613.24530602,3.53332519531,20.2293395996,35.9459130073
2615.25101209,3.53424072266,20.4734802246,35.9572516035
2617.25844002,3.53515625,21.8696594238,35.9690572704
2619.26611114,3.53332519531,19.1040039062,35.9804824982
2621.27232814,3.53363037109,19.6266174316,35.991274447
2623.27810717,3.53393554688,20.8129882812,36.0025401293
2625.28390908,3.52966308594,19.889831543,36.0138792674
2627.28966808,3.53485107422,19.9012756348,36.0249641801
2629.29531407,3.53332519531,20.7672119141,36.036292873
2631.30104709,3.53698730469,20.866394043,36.0478909144
2633.30701399,3.53546142578,21.1296081543,36.0595912741
2635.31273603,3.53637695312,21.4233398438,36.0714453555
2637.3185761,3.53424072266,20.1454162598,36.0830259495
2639.32432699,3.53759765625,22.3541259766,36.0948653237
2641.33012319,3.53302001953,20.5154418945,36.1068080482
2643.33572602,3.53576660156,20.565032959,36.1182512589
2645.34139299,3.53424072266,19.5274353027,36.1294196116
2647.3489511,3.53546142578,20.5993652344,36.1406080676
2649.35480404,3.53515625,19.8440551758,36.1518752279
2651.36218119,3.53454589844,19.5465087891,36.1628574109
2653.36931109,3.53363037109,19.5388793945,36.1737531681
2655.37656999,3.53668212891,19.7830200195,36.1847155614
2657.38377619,3.53759765625,20.2217102051,36.1958680257
2659.39135003,3.53637695312,21.5263366699,36.2075086211
2661.3986342,3.53668212891,21.2440490723,36.2194325542
2663.40592217,3.53637695312,21.0990905762,36.2312373979
2665.41376209,3.53454589844,20.1873779297,36.2427508173
2667.42068219,3.53332519531,20.9541320801,36.2542185567
2669.42793512,3.53637695312,20.3285217285,36.2657275467
2671.43558908,3.53759765625,20.4277038574,36.2770920463
2673.44317913,3.53637695312,20.7862854004,36.2885838234
2675.45082617,3.53820800781,21.2249755859,36.3002982378
2677.45989799,3.53637695312,20.6260681152,36.311976259
2679.467206,3.53942871094,20.4277038574,36.3234217542
2681.47486615,3.53729248047,19.6571350098,36.3345990783
2683.48208499,3.53729248047,19.847869873,36.3456122991
2685.48915315,3.53515625,20.1835632324,36.35677144
2687.49682117,3.53729248047,20.4315185547,36.3680966624
2689.50414419,3.53729248047,21.2554931641,36.3797187872
2691.51171517,3.53637695312,20.3971862793,36.3913327747
2693.51922297,3.53668212891,20.7901000977,36.4028166357
2695.5268991,3.53759765625,20.622253418,36.4143642181
2697.53447509,3.53637695312,21.369934082,36.4260728997
2699.54190397,3.53698730469,19.8974609375,36.4375786442
2701.54960418,3.53820800781,21.0723876953,36.4490029739
2703.55702305,3.54461669922,21.0762023926,36.4607543454
2705.56297112,3.53912353516,20.809173584,36.4724237744
2707.57209706,3.54064941406,20.7443237305,36.4840190813
2709.57986403,3.53881835938,21.0227966309,36.4956661153
2711.58650208,3.54034423828,21.2936401367,36.5074596947
2713.59231997,3.53729248047,20.076751709,36.5189848992
2715.59789801,3.53790283203,20.8892822266,36.5303960906
2717.60363913,3.53393554688,20.7901000977,36.542006931
2719.60943604,3.53820800781,20.6985473633,36.5535649589
2721.61530614,3.53942871094,21.2364196777,36.5652477501
2723.62107897,3.54095458984,20.6489562988,36.5769161597
2725.62688613,3.53698730469,20.1072692871,36.5882702054
2727.634408,3.54064941406,21.598815918,36.5998987996
2729.6400311,3.53942871094,20.1873779297,36.6115387101
2731.6461432,3.53729248047,20.8473205566,36.6229720719
2733.65184808,3.5400390625,20.824432373,36.6345805772
2735.65760016,3.53881835938,20.2140808105,36.6460129499
2737.6633482,3.53668212891,20.5192565918,36.6573602849
2739.66904712,3.53759765625,21.785736084,36.6691451568
2741.675071,3.53790283203,20.133972168,36.6808245924
2743.68070602,3.53912353516,20.3590393066,36.6921043426
2745.68646002,3.53851318359,21.9841003418,36.7039001651
2747.69218302,3.53942871094,20.4963684082,36.7157340613
2749.69801402,3.53820800781,20.0729370117,36.7270361684
2751.70391703,3.544921875,21.0418701172,36.7384906566
2753.70980811,3.53424072266,20.1644897461,36.749970583
2755.71554208,3.53912353516,21.3394165039,36.7615324989
2757.72114611,3.53881835938,21.3584899902,36.7734262618
2759.72685218,3.53271484375,20.9465026855,36.7852111758
2761.732723,3.53881835938,20.8702087402,36.796861026
2763.73847198,3.54034423828,21.5187072754,36.8086695712
2765.744205,3.54034423828,20.3323364258,36.820328185
2767.75183702,3.53973388672,21.0609436035,36.8318701954
2769.75771499,3.54034423828,20.3857421875,36.8434170001
2771.7633791,3.53973388672,20.0042724609,36.8546682227
2773.76911902,3.54034423828,21.2745666504,36.8661674749
2775.77487016,3.54034423828,20.5688476562,36.8778240687
2777.78246403,3.53942871094,21.0762023926,36.8894360614
2779.78820109,3.53851318359,21.2135314941,36.9012169068
2781.79388213,3.53851318359,19.4816589355,36.9125532362
2783.79946899,3.53973388672,20.5421447754,36.923702016
2785.80518508,3.54370117188,21.1791992188,36.9353244009
2787.81092811,3.54034423828,20.5078125,36.9469373777
2789.81666517,3.53942871094,19.9127197266,36.958197511
2791.82242703,3.54064941406,19.8402404785,36.9692718126
2793.82817197,3.54095458984,21.6903686523,36.9808412305
2795.83383417,3.54156494141,21.7018127441,36.9929287385
2797.83945298,3.53851318359,22.2320556641,37.0051668765
