1210.80523801,3.50036621094,21.2211608887,27.8947143045
1212.81077003,3.50280761719,21.2821960449,27.9065534494
1214.81625414,3.50219726562,20.5001831055,27.9181914907
1216.8217411,3.49914550781,20.1072692871,27.9295022846
1218.82720613,3.50311279297,20.7252502441,27.9408756444
1220.83305097,3.50250244141,20.5078125,27.9523627452
1222.83936501,3.50341796875,20.6260681152,27.9638248955
1224.84523201,3.50128173828,20.0462341309,27.9751558995
1226.85153818,3.49822998047,20.0653076172,27.9863331264
1228.85744309,3.50433349609,21.1486816406,27.9978152575
1230.86332107,3.50372314453,22.0108032227,28.009839238
1232.87020707,3.50433349609,20.9846496582,28.0218235398
1234.87599111,3.50189208984,19.3328857422,28.0330552438
1236.88199496,3.50402832031,20.5612182617,28.0441702058
1238.8879261,3.50402832031,21.3203430176,28.0558384735
1240.89397097,3.50311279297,20.7862854004,28.0675701104
1242.900527,3.50158691406,19.9775695801,28.0789305214
1244.90707612,3.49822998047,21.1868286133,28.0904025196
1246.9136951,3.50341796875,19.6800231934,28.1017919919
1248.91940308,3.50158691406,20.1721191406,28.1128936252
1250.92610598,3.50646972656,21.9230651855,28.1246259208
1252.93203306,3.50128173828,20.8396911621,28.1365396668
1254.93864918,3.50219726562,19.6495056152,28.1478238717
1256.94441104,3.50372314453,20.7939147949,28.1590905203
1258.95102811,3.50036621094,20.2522277832,28.1705299495
1260.95771503,3.50524902344,21.0075378418,28.1820293151
1262.96420097,3.50128173828,20.3895568848,28.1935657996
1264.97017717,3.50158691406,19.2222595215,28.2046019609
1266.9764111,3.50311279297,20.1301574707,28.2155672601
1268.98272705,3.50372314453,21.9993591309,28.2273068602
1270.98829603,3.50708007812,20.1225280762,28.2390399644
1272.99383807,3.50341796875,20.1148986816,28.2502479993
1274.99927115,3.50372314453,22.0069885254,28.2619803085
1277.00464606,3.50341796875,20.751953125,28.2738897124
1279.010005,3.51196289062,20.9159851074,28.285495153
1281.01552415,3.50219726562,19.7410583496,28.2968199418
1283.02095318,3.50006103516,21.1639404297,28.3082132852
1285.02746105,3.50311279297,19.9394226074,28.3196680382
1287.03404212,3.50311279297,20.9083557129,28.3310519796
1289.03946805,3.50341796875,20.6871032715,28.3426376202
1291.04656005,3.50341796875,21.9383239746,28.3545200027
1293.05142403,3.50128173828,19.4969177246,28.3660577837
1295.05696797,3.50311279297,21.2287902832,28.3774018389
1297.06320906,3.50311279297,20.9350585938,28.3891505675
1299.06889415,3.49945068359,20.6680297852,28.4007398306
1301.07435703,3.50067138672,19.5999145508,28.4119559233
1303.07985497,3.50158691406,20.5192565918,28.4231307726
1305.08608007,3.50372314453,21.4729309082,28.4348315755
1307.091151,3.50250244141,20.0004577637,28.4463811707
1309.0970161,3.50799560547,20.3437805176,28.4576207679
1311.10314798,3.50555419922,20.8587646484,28.4691010095
1313.10884118,3.50158691406,20.580291748,28.4806446253
1315.11282897,3.49975585938,20.0424194336,28.491951211
1317.12097001,3.50372314453,20.5078125,28.5032610145
1319.12822819,3.50311279297,20.7176208496,28.5147540823
1321.13412809,3.50311279297,21.0723876953,28.526396662
1323.13982415,3.50402832031,21.0304260254,28.5381251964
1325.14557314,3.51043701172,21.0151672363,28.5498381
1327.15133405,3.50494384766,19.8135375977,28.561212075
1329.15711403,3.50372314453,20.2865600586,28.5723831824
1331.16315413,3.50463867188,21.0380554199,28.5838969096
1333.16754913,3.50402832031,20.7366943359,28.5955265068
1335.17401409,3.50189208984,20.3590393066,28.6069788887
1337.17958117,3.50250244141,20.149230957,28.6182625071
1339.18507004,3.50402832031,21.4042663574,28.6298368233
1341.19063997,3.49914550781,19.9165344238,28.6413467894
1343.19617319,3.50402832031,20.4658508301,28.6525951526
1345.20162416,3.50311279297,21.0380554199,28.6641554371
1347.20699716,3.50433349609,20.5841064453,28.6757482093
1349.21244407,3.505859375,21.4805603027,28.6874646615
1351.21806812,3.50341796875,20.2445983887,28.6990875757
1353.22364306,3.50555419922,20.7939147949,28.7105189387
1355.22915816,3.50524902344,20.0271606445,28.7218893947
1357.23485804,3.50311279297,21.5797424316,28.7334798058
1359.24076414,3.50372314453,20.9922790527,28.7453402889
1361.24709916,3.50708007812,21.4500427246,28.7571671662
1363.25316,3.505859375,21.6598510742,28.7691784258
1365.26008606,3.50555419922,21.0990905762,28.7810970417
1367.26629305,3.50463867188,20.6489562988,28.7927297116
1369.27176619,3.50311279297,19.7563171387,28.8039841131
1371.27795815,3.50830078125,21.0418701172,28.8153520292
1373.28344607,3.50708007812,21.4920043945,28.8271994141
1375.288831,3.50402832031,20.6451416016,28.8389356915
1377.29435015,3.50402832031,19.8211669922,28.8502073522
1379.2998631,3.50524902344,21.0952758789,28.86160436
1381.30541205,3.50524902344,21.4157104492,28.87344573
1383.31096816,3.50341796875,19.8745727539,28.884947116
1385.31647015,3.50952148438,20.7138061523,28.8962526819
1387.32195497,3.50433349609,21.5072631836,28.9080129199
1389.32743812,3.49822998047,20.4963684082,28.9197125832
1391.33298516,3.50433349609,20.2484130859,28.9310619688
1393.33867216,3.49914550781,21.4233398438,28.9426703706
1395.34428906,3.50189208984,19.9165344238,28.9541859193
1397.34986615,3.505859375,21.1906433105,28.9656364212
1399.35545397,3.50219726562,20.3857421875,28.977217684
1401.36279798,3.50463867188,20.3170776367,28.9885655398
1403.36809802,3.50555419922,21.7666625977,29.0002864462
1405.37375402,3.50280761719,20.5574035645,29.0120763791
1407.37978816,3.50524902344,20.4887390137,29.0235124851
