4388.89753819,3.65478515625,21.2173461914,46.1359775081
4390.90331316,3.65173339844,20.7138061523,46.1476586826
4392.91017008,3.64685058594,21.3508605957,46.1593833725
4394.91588306,3.65173339844,19.1764831543,46.1706731252
4396.92150211,3.52142333984,20.3971862793,46.1816966954
4398.92725706,3.48785400391,19.8287963867,46.192902732
4400.93285108,3.76129150391,20.8778381348,46.2042417574
4402.93969417,3.52996826172,20.3666687012,46.2157377648
4404.94542408,3.60473632812,20.9693908691,46.2272528997
4406.95107603,3.62365722656,20.6909179688,46.2388579108
4408.9567771,3.45520019531,21.5911865234,46.2506364194
4410.96243715,3.57086181641,20.4010009766,46.2623339268
4412.96931005,3.74816894531,20.4162597656,46.2737110176
4414.97505808,3.51257324219,19.115447998,46.2847236072
4416.98063111,3.70697021484,20.2369689941,46.2956852942
4418.98639512,3.56567382812,20.6527709961,46.3070762899
4420.99208117,3.55895996094,20.0309753418,46.3184094596
4422.99897313,3.59161376953,21.3050842285,46.329931266
4425.0046711,3.78204345703,21.8734741211,46.3419594808
4427.01051402,3.66394042969,19.9737548828,46.3536176708
4429.01614213,3.79058837891,19.9432373047,46.3647369266
4431.021703,3.65875244141,20.8473205566,46.3760991415
4433.02953005,3.65997314453,21.2707519531,46.3878443922
4435.03523207,3.65570068359,20.7214355469,46.3995421443
4437.04085708,3.66027832031,20.0538635254,46.410900472
4439.04664111,3.66149902344,20.2865600586,46.4221385522
4441.05229211,3.66149902344,21.0838317871,46.4336627977
4443.05917501,3.66271972656,21.3279724121,46.4454843984
4445.06469607,3.66363525391,20.6413269043,46.4571747197
4447.07042813,3.66149902344,20.2522277832,46.4685665966
4449.07615209,3.66241455078,20.4658508301,46.4799095446
4451.08183098,3.66424560547,21.2631225586,46.4915338392
4453.08872008,3.66271972656,21.0647583008,46.5033320841
4455.09449315,3.66363525391,20.3475952148,46.5148687207
4457.10010719,3.66577148438,20.1377868652,46.5261462277
4459.10574818,3.66607666016,21.1601257324,46.5376502258
4461.11150312,3.66607666016,20.7901000977,46.549336597
4463.11837697,3.66485595703,21.312713623,46.5610720187
4465.12420106,3.66546630859,19.7143554688,46.5725016136
4467.12994003,3.66943359375,21.3050842285,46.5839285981
4469.13567114,3.66943359375,21.4805603027,46.5958475562
4471.14130497,3.6669921875,19.6266174316,46.6072983821
4473.14810705,3.66760253906,20.3132629395,46.6184305259
4475.15385509,3.66973876953,21.5530395508,46.6300934778
4477.15956998,3.66851806641,19.775390625,46.6416064011
4479.1652751,3.67095947266,20.4734802246,46.6528185353
4481.17104197,3.67279052734,21.9345092773,46.6646324993
4483.17796612,3.67034912109,21.7590332031,46.6768116139
4485.18357015,3.67126464844,20.2751159668,46.6885204832
4487.18924308,3.67858886719,20.1644897461,46.6997855697
4489.19502997,3.642578125,21.297454834,46.711336101
4491.20067596,3.54919433594,19.0658569336,46.7225797835
4493.20890403,3.7353515625,21.7056274414,46.7339517889
4495.2145741,3.87176513672,19.4206237793,46.7454081349
4497.22017217,3.68103027344,20.7405090332,46.7565952308
4499.22578716,3.67797851562,21.369934082,46.7683254164
4501.23146319,3.72406005859,19.5083618164,46.7797127245
4503.238307,3.63372802734,20.0653076172,46.7907430264
4505.24400711,3.93371582031,19.9203491211,46.8018818092
4507.24973798,3.79272460938,21.1524963379,46.813323625
4509.25553417,3.54919433594,19.3176269531,46.8245979054
4511.26114416,3.68408203125,20.8358764648,46.8357829426
4513.26673698,3.68133544922,21.0914611816,46.8474619936
4515.27234316,3.68133544922,20.263671875,46.8589817312
4517.27814102,3.68011474609,20.6146240234,46.870369731
4519.28392816,3.68255615234,21.1143493652,46.8819946529
4521.28960514,3.68194580078,19.9699401855,46.8934393493
4523.29641318,3.68255615234,20.2026367188,46.9046363841
4525.30201316,3.68347167969,20.622253418,46.9160083839
4527.30755115,3.68377685547,20.2713012695,46.9273991585
4529.31324697,3.68347167969,20.6413269043,46.9387961429
4531.31901813,3.68438720703,21.1753845215,46.9504454142
4533.32590818,3.68316650391,20.8511352539,46.9621596649
4535.33165312,3.68560791016,21.2783813477,46.9738959238
4537.33760118,3.68804931641,21.2211608887,46.985736462
4539.34330201,3.68438720703,19.8516845703,46.9971781064
4541.34896398,3.68499755859,21.5873718262,47.0087215424
4543.35497308,3.68774414062,20.5459594727,47.02046041
4545.36062312,3.6865234375,21.9345092773,47.0322938758
4547.366359,3.68896484375,20.7023620605,47.0441714178
4549.37219,3.69110107422,20.0462341309,47.055523473
4551.37792611,3.69079589844,19.905090332,47.0666528917
4553.38490009,3.69079589844,19.5465087891,47.0776498823
4555.39043307,3.69598388672,20.8511352539,47.0889024945
4557.39613509,3.69415283203,21.8772888184,47.1008053398
4559.40184498,3.69232177734,19.6151733398,47.1123639289
4561.40762615,3.69415283203,19.8707580566,47.1233639481
4563.41452098,3.69476318359,19.5426940918,47.1343498721
4565.420223,3.69812011719,20.7557678223,47.1455758036
4567.42589307,3.6962890625,20.881652832,47.1571745436
4569.43159604,3.69689941406,20.2140808105,47.1686225763
4571.43733907,3.69262695312,19.9966430664,47.1798242956
4573.44417214,3.69903564453,19.7944641113,47.1909151442
4575.44984603,3.69995117188,20.7099914551,47.202198301
4577.45559716,3.69903564453,21.1982727051,47.2138729605
4579.46130419,3.70025634766,20.2598571777,47.2254219691
4581.46715212,3.70056152344,20.0881958008,47.2366625328
4583.47397017,3.69934082031,20.4658508301,47.2479659485
4585.47973919,3.70483398438,19.702911377,47.2591561233
