2402.58237815,3.52844238281,20.5192565918,34.7340875462
2404.59014606,3.5302734375,20.0462341309,34.7453995033
2406.59780407,3.52966308594,20.8740234375,34.7568097647
2408.60457397,3.52752685547,20.1072692871,34.7682319904
2410.61298013,3.52752685547,20.2217102051,34.7794815697
2412.61894417,3.52142333984,20.580291748,34.790849257
2414.6296401,3.52996826172,20.1835632324,34.8022331066
2416.63552213,3.52935791016,20.9083557129,34.8136810985
2418.6412921,3.52844238281,20.7176208496,34.8252772282
2420.64703512,3.52905273438,20.9693908691,34.836890205
2422.65307117,3.52905273438,21.2593078613,34.8486558011
2424.66112614,3.53118896484,20.4162597656,34.860278972
2426.66698813,3.53057861328,21.4195251465,34.8719340847
2428.67494607,3.52966308594,21.4691162109,34.8838949996
2430.68251109,3.52661132812,20.1950073242,34.8955121437
2432.69017601,3.52996826172,20.6985473633,34.9069149986
2434.69595504,3.52600097656,21.1639404297,34.918577068
2436.7034452,3.52783203125,19.7486877441,34.9299842483
2438.71107507,3.5302734375,21.484375,34.9414815717
2440.71883917,3.52874755859,20.6298828125,34.9532253905
2442.72463918,3.52813720703,21.4576721191,34.9649502819
2444.7304101,3.52996826172,20.1072692871,34.9765294139
2446.73614907,3.52935791016,20.7633972168,34.987914954
2448.74194598,3.53149414062,21.7628479004,34.9997620389
2450.7477951,3.52783203125,19.7296142578,35.0113214304
2452.75360918,3.53057861328,21.167755127,35.0227148358
2454.75933719,3.52874755859,21.3890075684,35.0345700151
2456.7651031,3.5302734375,19.9127197266,35.0460757925
2458.77087903,3.52935791016,19.8211669922,35.0571448582
2460.7789011,3.52996826172,20.7481384277,35.0684593111
2462.78465605,3.53759765625,20.7824707031,35.0800287868
2464.79235101,3.52935791016,21.5530395508,35.0918338966
2466.800282,3.53332519531,21.4805603027,35.103835077
2468.80573702,3.53057861328,20.6756591797,35.1155770772
2470.80995798,3.52996826172,19.905090332,35.1268732979
2472.81735206,3.52996826172,21.2783813477,35.1383554447
2474.82311106,3.52874755859,21.4500427246,35.1502586282
2476.83093905,3.53088378906,21.598815918,35.1622634482
2478.83882999,3.52996826172,20.3971862793,35.1739750304
2480.84483719,3.52966308594,20.0271606445,35.185237743
2482.85045409,3.53149414062,20.1225280762,35.1964217561
2484.85627007,3.52996826172,21.3394165039,35.2079724549
2486.86435819,3.52844238281,20.6756591797,35.2196905068
2488.86974311,3.53088378906,21.0952758789,35.2313247851
2490.87538719,3.53057861328,21.2364196777,35.2431167732
2492.881042,3.52783203125,20.9693908691,35.2548737575
2494.88683915,3.53088378906,20.3018188477,35.2663712124
2496.89258909,3.53057861328,21.1181640625,35.2779098413
2498.89698005,3.52569580078,19.8974609375,35.289328084
2500.90412903,3.52966308594,20.2445983887,35.3005185137
2502.90986419,3.53240966797,21.0494995117,35.3120219892
2504.91745996,3.52996826172,19.8669433594,35.3234308334
2506.92519212,3.53210449219,21.7514038086,35.3350361798
2508.93105698,3.53149414062,20.435333252,35.3467890816
2510.93682814,3.53118896484,20.1416015625,35.3580929768
2512.942523,3.53179931641,21.125793457,35.3695887827
2514.94827604,3.53118896484,20.6909179688,35.3812379488
2516.95400405,3.53057861328,20.9579467773,35.392840212
2518.96165109,3.52844238281,20.1606750488,35.404305723
2520.96757007,3.53271484375,20.9503173828,35.4157592396
2522.97378516,3.53179931641,21.5225219727,35.4275939135
2524.97951198,3.53210449219,20.9197998047,35.4394172055
2526.98742509,3.53240966797,21.068572998,35.4511267895
2528.9950211,3.52935791016,19.53125,35.462447351
2531.00097704,3.53515625,21.5797424316,35.4739010786
2533.00655317,3.53179931641,20.4963684082,35.4856214736
2535.01230597,3.53088378906,19.7143554688,35.4968232475
2537.01809597,3.53210449219,21.728515625,35.5083684831
2539.02384901,3.53302001953,20.1377868652,35.5200314641
2541.02953219,3.53210449219,20.5192565918,35.5313571792
2543.03530216,3.53210449219,21.5950012207,35.5430893338
2545.04102516,3.53668212891,20.9693908691,35.5549466089
2547.04543519,3.53302001953,21.4004516602,35.5667419613
2549.05229306,3.53149414062,20.450592041,35.5784071136
2551.05958104,3.53424072266,20.9007263184,35.5899354475
2553.06531405,3.53240966797,21.2631225586,35.6016812008
2555.07102919,3.53179931641,19.718170166,35.6130974228
2557.07687902,3.53332519531,21.1296081543,35.6244772158
2559.08253312,3.53179931641,20.5345153809,35.6360833019
2561.08827806,3.53668212891,19.6495056152,35.6472775931
2563.09404016,3.53302001953,20.9579467773,35.6585899388
2565.09970713,3.53363037109,20.9884643555,35.6702747349
2567.10545015,3.53302001953,20.0691223145,35.6817123693
2569.11121297,3.53576660156,20.5917358398,35.6930395967
2571.11692619,3.53576660156,21.3890075684,35.7047342262
2573.12260103,3.53240966797,19.8440551758,35.7162203535
2575.128196,3.53240966797,19.5159912109,35.7271842856
2577.13393617,3.53240966797,21.4233398438,35.7385889607
2579.13959813,3.53363037109,20.4315185547,35.7502482242
2581.14543819,3.53332519531,19.2604064941,35.7613059539
2583.15115619,3.53332519531,21.2364196777,35.7725872334
2585.15689397,3.53424072266,21.2593078613,35.7844254676
2587.16474605,3.53149414062,20.5459594727,35.7960836333
2589.17031598,3.53637695312,21.125793457,35.8076913576
2591.17614913,3.53332519531,20.7748413086,35.819364369
2593.18192506,3.53393554688,20.5917358398,35.8308882696
2595.1876781,3.53515625,20.580291748,35.8423578418
2597.19344115,3.53393554688,20.5001831055,35.8538019666
2599.19925809,3.53424072266,20.0996398926,35.8651124961
