3197.11125398,3.55438232422,21.8887329102,39.2942516562
3199.11883497,3.55316162109,20.450592041,39.3060571595
3201.12499118,3.55651855469,20.3895568848,39.3174365648
3203.132231,3.55133056641,20.923614502,39.3289539874
3205.13966012,3.55377197266,19.7143554688,39.3402842436
3207.14716411,3.55621337891,20.8740234375,39.3516010953
3209.154881,3.55529785156,19.8097229004,39.3629457404
3211.16221309,3.56079101562,20.565032959,39.3742020659
3213.16960096,3.55377197266,20.5993652344,39.3856788594
3215.17691898,3.56140136719,21.0456848145,39.3972892566
3217.18416309,3.55682373047,20.6680297852,39.4089183688
3219.19161797,3.56140136719,20.2026367188,39.4203136492
3221.19905019,3.55743408203,21.484375,39.4319364062
3223.20645308,3.55682373047,20.6718444824,39.4436898113
3225.21378207,3.55529785156,20.1148986816,39.4550609797
3227.22138309,3.55895996094,21.2631225586,39.4665985571
3229.22882009,3.55773925781,21.1219787598,39.4784159766
3231.23650098,3.55712890625,21.1868286133,39.4902135577
3233.24254203,3.55834960938,20.076751709,39.501710285
3235.24994302,3.55712890625,20.320892334,39.5129733781
3237.25759101,3.55712890625,20.7176208496,39.5244165571
3239.26366115,3.55834960938,20.6260681152,39.5359357709
3241.27115107,3.55773925781,21.3317871094,39.5476343781
3243.27850914,3.55804443359,19.9851989746,39.5591535427
3245.285923,3.55682373047,20.1034545898,39.5703305593
3247.29335213,3.55865478516,21.4195251465,39.5819075646
3249.30102515,3.56231689453,20.5345153809,39.5936061751
3251.30844212,3.55651855469,20.0004577637,39.6049076463
3253.31582618,3.5546875,20.4048156738,39.6161727716
3255.32341003,3.55895996094,21.240234375,39.6277847063
3257.33094597,3.55834960938,20.9274291992,39.6395420813
3259.33851409,3.55926513672,21.4233398438,39.6513506999
3261.34599614,3.55682373047,20.9770202637,39.6631726391
3263.353585,3.55773925781,19.8593139648,39.6745591071
3265.36095214,3.55804443359,20.0691223145,39.6856911947
3267.36855602,3.55987548828,21.7933654785,39.6973638743
3269.37602019,3.55804443359,20.4467773438,39.7091410372
3271.38377905,3.55712890625,21.4691162109,39.7208295104
3273.39166307,3.55895996094,19.8860168457,39.7323623313
3275.39910412,3.55865478516,20.6451416016,39.7436628745
3277.40661216,3.56048583984,22.4380493164,39.755675354
3279.41401505,3.56140136719,21.4347839355,39.7679073613
3281.42153907,3.55743408203,20.263671875,39.7795338407
3283.42801905,3.56018066406,20.1454162598,39.7907949554
3285.43376017,3.56048583984,21.3813781738,39.8023632886
3287.43928599,3.55804443359,20.3437805176,39.8139856336
3289.44548702,3.56353759766,19.7944641113,39.8251697152
3291.45129609,3.56109619141,21.1067199707,39.8365641549
3293.45732713,3.56018066406,20.2713012695,39.8480927097
3295.46305704,3.55895996094,20.1187133789,39.8593443015
3297.46882415,3.56079101562,20.2713012695,39.8705961019
3299.4745152,3.56018066406,20.9770202637,39.8820865726
3301.48009706,3.56048583984,20.6565856934,39.8936837399
3303.48695111,3.56353759766,20.0805664062,39.9050383954
3305.49269199,3.55895996094,19.5503234863,39.9160785754
3307.49839497,3.55773925781,20.3399658203,39.9271908076
3309.50431299,3.56140136719,21.0647583008,39.9387261523
3311.51007199,3.56140136719,20.938873291,39.9504274249
3313.5178082,3.56384277344,20.9999084473,39.9621221486
3315.52332306,3.55926513672,20.3475952148,39.9736392365
3317.52981806,3.56079101562,20.3514099121,39.9849812296
3319.53558397,3.56140136719,20.4200744629,39.9963392926
3321.54135704,3.5546875,20.4772949219,40.0077324651
3323.54826498,3.56292724609,21.2173461914,40.0193543132
3325.55405307,3.56170654297,20.4963684082,40.0309749898
3327.55963516,3.56353759766,20.5955505371,40.0424212699
3329.56531405,3.5595703125,19.6151733398,40.0536226311
3331.57121515,3.56597900391,21.4462280273,40.0650622297
3333.57807899,3.56109619141,20.2255249023,40.0766774427
3335.58374214,3.56018066406,20.1301574707,40.0879190962
3337.5895381,3.55865478516,20.6336975098,40.0992752039
3339.59528208,3.56262207031,20.9693908691,40.1108648073
3341.60104418,3.56018066406,20.0386047363,40.1222887355
3343.60780811,3.56231689453,22.2396850586,40.1340724226
3345.61364007,3.56201171875,20.0424194336,40.1458516999
3347.61945915,3.56353759766,20.2560424805,40.1570782866
3349.62524319,3.55865478516,21.858215332,40.1688105235
3351.63096809,3.56323242188,20.2865600586,40.180550916
3353.63790202,3.56262207031,21.125793457,40.1920942295
3355.64354706,3.56323242188,20.9846496582,40.2038245908
3357.64911318,3.56536865234,21.2135314941,40.21557893
3359.65482712,3.56353759766,20.6413269043,40.2272384957
3361.66068697,3.55926513672,19.9546813965,40.2385482044
3363.66757607,3.56231689453,21.4004516602,40.2500753108
3365.6732831,3.57086181641,21.4767456055,40.2620196297
3367.67901301,3.56292724609,20.6985473633,40.2737685528
3369.68471718,3.56536865234,20.6985473633,40.2853005425
3371.69033599,3.56170654297,19.832611084,40.2965908277
3373.69738603,3.564453125,20.7862854004,40.3079136274
3375.70310712,3.55773925781,21.0075378418,40.319556232
3377.70929909,3.56475830078,20.5841064453,40.3311452351
3379.71502709,3.56475830078,21.7933654785,40.3429504688
3381.72070003,3.56567382812,20.8892822266,40.3548403898
3383.72750902,3.56231689453,19.5999145508,40.3661256792
3385.73321915,3.56170654297,20.2827453613,40.3772358257
3387.73900199,3.56658935547,21.8887329102,40.3889839962
3389.74477315,3.56353759766,20.9312438965,40.4009127566
3391.75053406,3.56353759766,20.149230957,40.4123568692
3393.75646901,3.564453125,20.3857421875,40.4236499969
