1806.58236003,3.51135253906,20.8053588867,31.3187904104
1808.58642316,3.51104736328,20.1377868652,31.3301866116
1810.59415007,3.51287841797,20.5879211426,31.3415430144
1812.60031605,3.51470947266,20.6985473633,31.353046835
1814.606143,3.51470947266,20.8892822266,31.3646326669
1816.61186504,3.51379394531,21.5721130371,31.3764612442
1818.61646509,3.51318359375,20.5154418945,31.3881791212
1820.62307119,3.51318359375,20.2980041504,31.3995536365
1822.62931514,3.51257324219,20.2369689941,31.4108485037
1824.6350491,3.51501464844,21.427154541,31.4224550521
1826.64160013,3.51348876953,19.8097229004,31.4339472602
1828.64680815,3.51287841797,19.9737548828,31.4450270031
1830.65394306,3.515625,20.3056335449,31.4562556374
1832.65999508,3.51623535156,21.3890075684,31.4678725289
1834.66570401,3.51287841797,19.6533203125,31.4793057183
1836.67143512,3.51348876953,20.8168029785,31.4905796329
1838.67711711,3.51440429688,21.1486816406,31.5022698296
1840.68391204,3.51440429688,21.484375,31.5141525799
1842.68996501,3.51226806641,20.1034545898,31.5257397173
1844.69581819,3.51257324219,21.0838317871,31.537214113
1846.70143914,3.51379394531,20.3285217285,31.5487498747
1848.70695114,3.51104736328,20.1377868652,31.5600214952
1850.71285415,3.51379394531,21.0266113281,31.5714897993
1852.71896601,3.51470947266,20.191192627,31.5829741779
1854.72480011,3.51684570312,21.0075378418,31.5944516527
1856.73066902,3.51409912109,20.092010498,31.6059016952
1858.73685098,3.515625,20.5001831055,31.6172121572
1860.74268317,3.51501464844,20.8549499512,31.6287331929
1862.7469492,3.51470947266,21.0037231445,31.6403854035
1864.75426316,3.51776123047,20.9083557129,31.6520702231
1866.76384616,3.515625,21.4385986328,31.6638896286
1868.77095604,3.51898193359,21.3279724121,31.675811463
1870.78081512,3.51623535156,20.4925537109,31.6874855413
1872.78984618,3.51684570312,20.2598571777,31.6988567718
1874.79859519,3.51470947266,20.2713012695,31.7101646779
1876.808846,3.51501464844,21.1715698242,31.7217355898
1878.82343602,3.51501464844,19.9127197266,31.7332311453
1880.83724809,3.51287841797,19.9203491211,31.7443723001
1882.8572402,3.51470947266,19.6113586426,31.755463097
1884.8737042,3.51348876953,19.7143554688,31.7664768313
1886.88967419,3.51623535156,21.2898254395,31.777957831
1888.89568806,3.51379394531,20.5841064453,31.7896244544
1890.90142512,3.51623535156,21.7018127441,31.8014042371
1892.90681005,3.51501464844,21.7628479004,31.8135102614
1894.91339111,3.51684570312,20.4544067383,31.8252758647
1896.91942501,3.51623535156,21.6941833496,31.8370191287
1898.92540312,3.51898193359,20.5497741699,31.8487886362
1900.93138218,3.51501464844,20.1950073242,31.8601404665
1902.93731117,3.51684570312,21.5911865234,31.8717821523
1904.94321609,3.51684570312,19.6838378906,31.8832812876
1906.94927597,3.51623535156,21.110534668,31.8946473924
1908.95688701,3.51379394531,20.263671875,31.9061839638
1910.96317601,3.51257324219,20.6871032715,31.9175949485
1912.96916509,3.51531982422,20.3247070312,31.9290212323
1914.97521996,3.51593017578,19.9546813965,31.9402438245
1916.98120618,3.51593017578,19.6571350098,31.9512800408
1918.98649502,3.51409912109,20.7862854004,31.9625440324
1920.99373507,3.51745605469,20.3971862793,31.9740252982
1923.00088215,3.51593017578,20.6871032715,31.9854783832
1925.00638199,3.51684570312,20.8129882812,31.9970378869
1927.01414514,3.51867675781,21.1448669434,32.0087380863
1929.02150702,3.51226806641,20.2293395996,32.0202732259
1931.02941203,3.51867675781,20.4238891602,32.0316104234
1933.03544211,3.51623535156,20.881652832,32.0431187789
1935.04175901,3.51318359375,20.5230712891,32.0546564175
1937.047575,3.515625,20.4277038574,32.0660647118
1939.05332518,3.51379394531,19.6952819824,32.0772420293
1941.05907607,3.515625,20.7366943359,32.0885054283
1943.06476903,3.51776123047,21.614074707,32.1003030171
1945.0704391,3.51715087891,20.6909179688,32.1120877195
1947.0778501,3.515625,20.0881958008,32.1234572253
1949.0829401,3.51593017578,21.3508605957,32.1349973694
1951.08934212,3.51654052734,20.4124450684,32.1466354223
1953.09510517,3.51715087891,20.2941894531,32.1579754034
1955.1009841,3.51776123047,21.2326049805,32.1695445314
1957.108742,3.51623535156,20.263671875,32.1811159866
1959.11480117,3.51745605469,20.8396911621,32.1925681781
1961.12195015,3.50921630859,20.9045410156,32.2042052465
1963.12937212,3.51501464844,19.9089050293,32.2155843866
1965.13515806,3.51745605469,21.8391418457,32.2272146151
1967.14389515,3.51837158203,21.5911865234,32.2393312973
1969.15070701,3.51715087891,20.263671875,32.2509972453
1971.15814018,3.51745605469,20.0996398926,32.2622509469
1973.16415501,3.51715087891,19.9203491211,32.2734010429
1975.17188311,3.51898193359,21.8391418457,32.2850457239
1977.17950702,3.52294921875,20.2293395996,32.2967759585
1979.18679905,3.51623535156,20.7557678223,32.3082022196
1981.19436407,3.51257324219,20.6832885742,32.3197566085
1983.20005918,3.51776123047,19.9317932129,32.3310707016
1985.20614719,3.51715087891,19.9966430664,32.3421956958
1987.21357107,3.51776123047,21.5797424316,32.3537875609
1989.22126508,3.51715087891,20.0309753418,32.3653905593
1991.22881913,3.51928710938,21.2059020996,32.3768885122
1993.236305,3.51684570312,20.2789306641,32.3884552088
1995.24398208,3.51959228516,20.9007263184,32.3999379106
1997.25171614,3.51745605469,20.7290649414,32.4115464592
1999.25933003,3.51837158203,19.7486877441,32.422833084
2001.2667172,3.51715087891,21.8048095703,32.4344183558
2003.27411413,3.51623535156,20.7748413086,32.4462897809
