217.826959133,3.47961425781,20.7672119141,22.1928847944
219.832436085,3.48388671875,20.1759338379,22.2042890354
221.838069201,3.48175048828,20.2026367188,22.2155368962
223.843628168,3.48175048828,20.1034545898,22.2267641522
225.851183176,3.4814453125,20.7633972168,22.2381589373
227.856866121,3.48052978516,20.8930969238,22.2497630651
229.86247611,3.48114013672,21.4080810547,22.2615463519
231.867949009,3.48297119141,21.0075378418,22.2733607094
233.873275995,3.4814453125,19.9165344238,22.2847587853
235.878808975,3.48419189453,20.1759338379,22.2959263919
237.884320974,3.48175048828,20.8282470703,22.3073478331
239.890757084,3.48114013672,20.9312438965,22.3189850207
241.896625996,3.47961425781,20.0843811035,22.3304116828
243.902516127,3.47961425781,20.5001831055,22.341718374
245.909173965,3.48205566406,21.2440490723,22.353352595
247.914988041,3.48327636719,21.2440490723,22.3651891541
249.920936108,3.47991943359,19.7830200195,22.3766194554
251.927596092,3.48114013672,20.5001831055,22.387846496
253.933427095,3.48175048828,21.2020874023,22.399464233
255.939265966,3.48327636719,21.297454834,22.4113041266
257.945883036,3.48358154297,20.6604003906,22.4229976473
259.952104092,3.48358154297,21.3890075684,22.4347143705
261.958855152,3.48510742188,20.4391479492,22.4463725227
263.965116978,3.48327636719,21.5911865234,22.4580841693
265.971022129,3.48419189453,20.8549499512,22.4699095754
267.9804492,3.48815917969,21.2669372559,22.4816652504
269.985943079,3.48114013672,20.2522277832,22.4932300326
271.991664171,3.48205566406,20.1797485352,22.5044932642
273.997737169,3.48114013672,20.1568603516,22.5157319006
276.004081011,3.48419189453,22.4494934082,22.5276045388
278.010390043,3.48327636719,21.0456848145,22.5397246456
280.016596079,3.48602294922,20.2865600586,22.5512414511
282.022302151,3.48236083984,20.7138061523,22.5626629349
284.028449059,3.48297119141,20.2598571777,22.5740794888
286.035156965,3.48083496094,20.3628540039,22.5854014215
288.040927172,3.48449707031,21.7094421387,22.5971218879
290.046897173,3.48297119141,20.4811096191,22.6088764686
292.053212166,3.48571777344,20.923614502,22.6204140962
294.059507132,3.48388671875,21.4195251465,22.6322131001
296.068937063,3.48419189453,19.6876525879,22.6436855992
298.07566905,3.48388671875,21.3584899902,22.6551256835
300.081500053,3.48449707031,22.0375061035,22.6672152716
302.088745117,3.48510742188,22.1939086914,22.679546284
304.094878197,3.48205566406,19.4511413574,22.6911498274
306.102534056,3.48693847656,21.2364196777,22.7024951913
308.108381987,3.48510742188,20.9999084473,22.7142618096
310.115262032,3.48297119141,19.4549560547,22.7255379291
312.121567011,3.48419189453,20.5993652344,22.7366992047
314.12830019,3.48266601562,19.9775695801,22.7480085215
316.13467598,3.48449707031,20.1835632324,22.7591999555
318.141390085,3.48358154297,20.5612182617,22.7705559454
320.147595167,3.48175048828,19.8097229004,22.7818048881
322.1542871,3.48297119141,19.9546813965,22.7928875144
324.16049099,3.48419189453,20.3857421875,22.804127947
326.166437149,3.4765625,20.4734802246,22.8155114748
328.173267126,3.48388671875,21.3775634766,22.827176465
330.178838015,3.48571777344,21.3966369629,22.8390912832
332.184643984,3.48449707031,20.7862854004,22.8508427773
334.190848112,3.48358154297,20.0614929199,22.8622245803
336.197018147,3.48724365234,20.393371582,22.8734967104
338.203227043,3.48358154297,21.1601257324,22.8850751821
340.209369183,3.48388671875,19.7105407715,22.8964630107
342.21598506,3.48419189453,20.3971862793,22.9076408999
344.222624063,3.48693847656,21.0418701172,22.9191899592
346.229354143,3.48571777344,20.9121704102,22.9308830752
348.235249996,3.48602294922,20.3437805176,22.9423768447
350.24109602,3.48785400391,19.3824768066,22.9534441718
352.247786999,3.48449707031,21.2020874023,22.9647553772
354.254513979,3.48571777344,21.7018127441,22.9767132125
356.262303114,3.48510742188,19.7067260742,22.9882603812
358.267709017,3.48876953125,21.8200683594,22.999826781
360.273204088,3.48571777344,21.6102600098,23.0119239073
362.278779984,3.48419189453,20.4200744629,23.0236315498
364.284286976,3.48419189453,19.5846557617,23.0347745729
366.289808989,3.48846435547,20.1797485352,23.0458507379
368.295375109,3.48602294922,20.5001831055,23.0571821674
370.300932169,3.486328125,21.068572998,23.0687611275
372.306336164,3.48754882812,20.2217102051,23.0802616412
374.311807156,3.48541259766,20.2484130859,23.0915340937
376.31737709,3.48968505859,21.4233398438,23.103141818
378.322880983,3.48785400391,22.0146179199,23.1152411226
380.328438997,3.48449707031,21.5187072754,23.1273673184
382.335289001,3.48815917969,20.2140808105,23.1389994636
384.340748072,3.48754882812,20.6336975098,23.1503770397
386.346140146,3.47808837891,20.4658508301,23.1618243603
388.351612091,3.48571777344,19.2108154297,23.1728758105
390.357123137,3.48510742188,20.8778381348,23.1840422323
392.362557173,3.48846435547,21.297454834,23.1957894223
394.368041992,3.48297119141,20.5268859863,23.2074391558
396.373499155,3.48663330078,20.1148986816,23.2187593444
398.378913164,3.48754882812,21.5225219727,23.2303566036
400.384353161,3.48968505859,20.2407836914,23.2419890764
402.389897108,3.48785400391,20.5955505371,23.2533639462
404.39529109,3.48907470703,21.2059020996,23.265006777
406.40073514,3.48602294922,20.4734802246,23.2766158977
408.406197071,3.48724365234,19.905090332,23.2878627986
410.411681175,3.48693847656,20.9159851074,23.2992330788
412.417167187,3.48785400391,20.7901000977,23.3108498803
414.422484159,3.48693847656,20.0614929199,23.3222277126
