19.2004230022,3.47381591797,20.3552246094,21.0542817948
21.2066819668,3.47442626953,22.1061706543,21.0661135386
23.2123281956,3.47229003906,21.068572998,21.0781403805
25.2187690735,3.47015380859,19.7639465332,21.0895192744
27.2249560356,3.47137451172,20.1072692871,21.1006288735
29.2313871384,3.47351074219,20.5535888672,21.1119598749
31.2376849651,3.47564697266,20.6604003906,21.1234442551
33.2439470291,3.47198486328,20.6756591797,21.1349624451
35.2500321865,3.47412109375,21.1906433105,21.1466273574
37.2558720112,3.47198486328,20.1225280762,21.1581367469
39.2625939846,3.47381591797,20.1797485352,21.1693694502
41.2692620754,3.47412109375,21.2173461914,21.180906982
43.2752361298,3.47595214844,21.0800170898,21.192691345
45.2814640999,3.47473144531,20.9999084473,21.2044166121
47.2874610424,3.47412109375,20.8473205566,21.2160756973
49.2931571007,3.47320556641,20.7290649414,21.2276575852
51.2990250587,3.47290039062,19.9012756348,21.2389769044
53.3047890663,3.47351074219,21.6674804688,21.2505570592
55.3111391068,3.47198486328,20.2980041504,21.2622511497
57.3176531792,3.47442626953,20.9770202637,21.2737537772
59.3236460686,3.47412109375,21.3584899902,21.2855488789
61.3301091194,3.47412109375,20.3590393066,21.2971745291
63.3363940716,3.47320556641,20.0309753418,21.3084292344
65.342457056,3.47412109375,20.1530456543,21.3196253007
67.3487381935,3.47351074219,21.5148925781,21.3312360782
69.3548619747,3.47473144531,21.3088989258,21.3431679986
71.3611791134,3.47473144531,21.2783813477,21.3550351639
73.367634058,3.47442626953,20.0309753418,21.3665470199
75.3740200996,3.47717285156,20.8778381348,21.3779468633
77.3799161911,3.47503662109,20.5879211426,21.3894990861
79.3861851692,3.47595214844,20.6871032715,21.4010003085
81.3926181793,3.47869873047,21.1944580078,21.4126714956
83.3987760544,3.47473144531,20.7061767578,21.4243463967
85.4052150249,3.46923828125,20.5001831055,21.4358294587
87.4112651348,3.47473144531,19.9890136719,21.4471104806
89.4178111553,3.47473144531,20.9617614746,21.4585229271
91.4241011143,3.47625732422,20.9541320801,21.4702028488
93.4305920601,3.47290039062,20.393371582,21.4817255421
95.4369750023,3.47442626953,20.4086303711,21.4930956034
97.4433290958,3.47595214844,21.110534668,21.504665346
99.4498021603,3.4716796875,20.5307006836,21.5162697928
101.456678152,3.4765625,21.7094421387,21.5280435051
103.462434053,3.47442626953,20.3666687012,21.5397649506
105.468085051,3.4716796875,20.6756591797,21.5511978097
107.473352194,3.47320556641,20.4849243164,21.5626614161
109.478897095,3.47839355469,20.2827453613,21.574017165
111.485090017,3.47564697266,20.1759338379,21.5852904866
113.490830183,3.47412109375,20.6909179688,21.5966749708
115.496322155,3.4765625,21.1563110352,21.608331121
117.502133131,3.47595214844,20.435333252,21.6199179234
119.508048058,3.47595214844,21.4233398438,21.6315797202
121.513720036,3.47503662109,20.0996398926,21.643146592
123.518947124,3.47351074219,20.1263427734,21.6543496795
125.526091099,3.47717285156,19.8364257812,21.6654901003
127.532685041,3.47808837891,21.3203430176,21.6769602285
129.539484978,3.47686767578,21.6407775879,21.6889344472
131.545264006,3.47839355469,20.0958251953,21.7005614475
133.551643133,3.47503662109,20.6336975098,21.7119112898
135.558751106,3.47625732422,20.9541320801,21.7235045209
137.567456007,3.47839355469,21.3050842285,21.7352942841
139.574865103,3.47259521484,20.9922790527,21.7470870774
141.581590176,3.47747802734,21.0113525391,21.7587939858
143.588320971,3.47625732422,19.8173522949,21.7701734607
145.598031998,3.47564697266,19.5960998535,21.7811748009
147.605739117,3.4765625,19.9661254883,21.7922066567
149.613275051,3.47534179688,22.1672058105,21.803954459
151.620427132,3.47747802734,21.5682983398,21.8161466546
153.626446009,3.47717285156,21.2593078613,21.8280790138
155.632271051,3.47686767578,19.9851989746,21.8395691895
157.638051987,3.47686767578,21.1410522461,21.8510261687
159.643785,3.48052978516,20.7862854004,21.8627060361
161.649698973,3.47717285156,20.8740234375,21.8743125633
163.655487061,3.47686767578,20.0271606445,21.8857068838
165.661849976,3.48114013672,20.0080871582,21.8968631667
167.667414188,3.47747802734,20.3666687012,21.9081095785
169.673603058,3.47839355469,20.5154418945,21.9195008612
171.679531097,3.47930908203,21.1219787598,21.9311010931
173.68514204,3.47778320312,20.3323364258,21.9426484859
175.691521168,3.46801757812,20.1072692871,21.9539175388
177.697676182,3.47961425781,20.0424194336,21.9651045526
179.704760075,3.4814453125,21.2364196777,21.9766115099
181.711552143,3.47595214844,20.5192565918,21.9882496988
183.718827963,3.47625732422,20.2751159668,21.9996226929
185.726118088,3.47961425781,20.4849243164,22.0109861966
187.735809088,3.47747802734,19.947052002,22.0222717215
189.745043039,3.47991943359,20.9922790527,22.0336962623
191.751088142,3.47869873047,20.2484130859,22.0451866357
193.756664991,3.47717285156,20.2445983887,22.0564660588
195.763749123,3.47747802734,19.4664001465,22.0675359636
197.769250154,3.47991943359,20.8625793457,22.0787692706
199.775089979,3.48022460938,19.8554992676,22.0901128739
201.780616045,3.47778320312,19.6990966797,22.1011306201
203.786066055,3.48052978516,20.1759338379,22.1122372008
205.791373014,3.48022460938,20.6832885742,22.1236171012
207.796959162,3.48022460938,20.9541320801,22.1352153559
209.802495003,3.4814453125,21.0723876953,22.146921702
211.807991982,3.47961425781,20.9503173828,22.1586267587
213.813490152,3.48449707031,20.2140808105,22.1700927483
215.818988085,3.48022460938,20.3971862793,22.1814046666
