1607.99681306,3.51013183594,21.0876464844,30.1774757136
1610.00205803,3.51043701172,21.5682983398,30.1893556607
1612.00986314,3.51135253906,20.6031799316,30.2011156759
1614.01712799,3.51043701172,20.9007263184,30.2126864165
1616.02255297,3.50952148438,20.6565856934,30.2242614264
1618.02871108,3.50952148438,19.905090332,30.2355632508
1620.03532505,3.50891113281,20.7710266113,30.2468995375
1622.04127908,3.50738525391,20.4010009766,30.258370259
1624.04689503,3.50891113281,20.8282470703,30.2698549864
1626.05253601,3.51287841797,20.9999084473,30.2815066896
1628.05838108,3.50952148438,21.369934082,30.2933104868
1630.06236005,3.51135253906,20.378112793,30.3049302379
1632.07012796,3.50891113281,20.2674865723,30.3162645337
1634.07587504,3.50677490234,20.2980041504,30.3275651052
1636.08171606,3.50677490234,21.1372375488,30.339108509
1638.08749819,3.505859375,21.2364196777,30.3509129985
1640.09243512,3.50982666016,20.7901000977,30.3626158487
1642.09934807,3.51013183594,20.3475952148,30.3740824839
1644.10503411,3.50830078125,20.2293395996,30.3853858995
1646.11104918,3.50860595703,19.6800231934,30.3965051749
1648.11756802,3.50982666016,21.6178894043,30.4080142082
1650.12322116,3.51104736328,19.8631286621,30.4195692824
1652.12864304,3.51715087891,20.0386047363,30.4306831447
1654.13413,3.50982666016,20.6756591797,30.44202369
1656.13888502,3.50982666016,21.5034484863,30.4537679647
1658.14514303,3.51043701172,20.4772949219,30.4654657706
1660.15071297,3.50952148438,19.3252563477,30.4765528262
1662.15621519,3.50921630859,20.8740234375,30.487750013
1664.16169405,3.50891113281,20.6680297852,30.4993210837
1666.16712618,3.50952148438,21.2249755859,30.5109896364
1668.17248702,3.51013183594,20.6565856934,30.5226545868
1670.17807913,3.51226806641,20.7138061523,30.5341784939
1672.18566799,3.5107421875,21.6293334961,30.5459851072
1674.19246507,3.50891113281,20.0958251953,30.5576148192
1676.19881415,3.51043701172,20.7557678223,30.5689985076
1678.20433402,3.51379394531,20.8892822266,30.5805985041
1680.20975113,3.51165771484,21.6674804688,30.5924518458
1682.21515918,3.51226806641,21.7552185059,30.6045463222
1684.22111297,3.50952148438,19.9851989746,30.6161753984
1686.22664809,3.51043701172,21.1143493652,30.6276235356
1688.23213005,3.51196289062,22.2244262695,30.6396950818
1690.23779011,3.51135253906,19.8402404785,30.6514127793
1692.24356508,3.50830078125,20.1606750488,30.6625562286
1694.24945498,3.51928710938,20.4620361328,30.6738735461
1696.25480413,3.51043701172,20.9541320801,30.6854088069
1698.261374,3.51043701172,19.8440551758,30.6967788643
1700.26722002,3.51257324219,21.2631225586,30.7082309017
1702.27293706,3.5107421875,19.7868347168,30.7196662626
1704.27873206,3.50799560547,21.312713623,30.7311158833
1706.28449106,3.51104736328,20.092010498,30.7426503135
1708.29036498,3.51226806641,20.9121704102,30.7540738159
1710.29605603,3.50738525391,19.2184448242,30.7652529292
1712.30212402,3.51287841797,20.8473205566,30.776416075
1714.30784011,3.5107421875,19.8783874512,30.7877611038
1716.31355,3.5107421875,21.4309692383,30.7992686851
1718.31967115,3.50555419922,20.1377868652,30.8108509019
1720.32597017,3.51135253906,20.5116271973,30.8221779685
1722.33189011,3.51043701172,20.2217102051,30.8335262759
1724.33758616,3.50891113281,20.1988220215,30.844786179
1726.34329319,3.51043701172,21.0838317871,30.8562863052
1728.34972119,3.51196289062,21.2440490723,30.8680818393
1730.35499811,3.51104736328,20.8587646484,30.8798079227
1732.3613081,3.51013183594,21.427154541,30.8915910702
1734.36754203,3.51104736328,21.2669372559,30.9034875057
1736.37332416,3.51196289062,20.0424194336,30.9149955015
1738.37955403,3.50921630859,20.4887390137,30.9262892266
1740.38452816,3.51318359375,20.565032959,30.9377214142
1742.39196706,3.51257324219,21.1448669434,30.9493505914
1744.39784503,3.51196289062,19.5693969727,30.9606933476
1746.40364599,3.51165771484,21.1639404297,30.972040982
1748.41014719,3.51165771484,20.191192627,30.9835658603
1750.41599917,3.50860595703,21.4347839355,30.9951624642
1752.42202306,3.51257324219,20.3094482422,31.0067930095
1754.42614698,3.51043701172,21.0075378418,31.0182936152
1756.43373299,3.50982666016,19.7677612305,31.0296630484
1758.44002914,3.51348876953,19.6876525879,31.040657388
1760.44597006,3.51318359375,21.6522216797,31.0521747971
1762.45199013,3.51470947266,21.7208862305,31.0642591478
1764.4576571,3.51257324219,20.6108093262,31.0760512705
1766.46331811,3.51196289062,19.7143554688,31.0872844109
1768.469069,3.51409912109,20.9617614746,31.0986158217
1770.47477508,3.52020263672,21.0838317871,31.1103284747
1772.48040819,3.51257324219,19.9317932129,31.1217537936
1774.48614097,3.51379394531,21.0647583008,31.1331743668
1776.49203205,3.51257324219,19.9203491211,31.1445926531
1778.49694419,3.51226806641,20.8549499512,31.1559469437
1780.503546,3.50860595703,21.4424133301,31.1677349945
1782.50961614,3.51379394531,20.9770202637,31.1795539332
1784.51542306,3.51318359375,20.4544067383,31.1910960781
1786.52118707,3.51196289062,21.7590332031,31.2028558279
1788.52748108,3.5107421875,21.110534668,31.2148015164
1790.53341603,3.51257324219,21.6636657715,31.2267184975
1792.53945899,3.51165771484,20.1072692871,31.2383565933
1794.54524708,3.51593017578,22.3808288574,31.250192999
1796.55098915,3.51043701172,19.5083618164,31.2618622924
1798.55612612,3.51226806641,20.7557678223,31.2730755
1800.56244302,3.51013183594,19.8593139648,31.2843931007
1802.56827807,3.51226806641,21.125793457,31.2958110681
1804.57413816,3.51226806641,20.2522277832,31.3073386405
