2799.84802413,3.54644775391,19.5770263672,37.0168302814
2801.85480118,3.54034423828,21.6484069824,37.0283205944
2803.86004806,3.5400390625,20.1454162598,37.0399604463
2805.86571097,3.54187011719,20.8396911621,37.0513774338
2807.87143898,3.54217529297,20.5307006836,37.0629021218
2809.87702799,3.54125976562,20.1797485352,37.0742421815
2811.88385916,3.54400634766,21.3317871094,37.0858125486
2813.89116502,3.53668212891,20.2293395996,37.0973994782
2815.89830518,3.54156494141,21.1334228516,37.1089301535
2817.90567303,3.54217529297,21.1868286133,37.1207290857
2819.913203,3.54248046875,20.7443237305,37.1324204809
2821.92293406,3.54278564453,20.8435058594,37.1440288632
2823.92908907,3.54217529297,21.1067199707,37.1557175654
2825.93476415,3.54064941406,20.1110839844,37.1671994435
2827.94189405,3.54400634766,21.4157104492,37.1787757867
2829.9477551,3.54431152344,20.3514099121,37.1904117644
2831.95376706,3.54339599609,21.2249755859,37.2019954764
2833.96145797,3.54187011719,20.881652832,37.2137367396
2835.96914816,3.54187011719,20.4849243164,37.2252716384
2837.97638011,3.53851318359,20.3819274902,37.2366645899
2839.98395419,3.54064941406,20.0462341309,37.2479371634
2841.99000216,3.54125976562,19.3557739258,37.2589152631
2843.99581409,3.54156494141,20.6260681152,37.2700536042
2846.00153303,3.54370117188,21.0342407227,37.2816590029
2848.00728416,3.54705810547,21.1563110352,37.2934123011
2850.01303101,3.54217529297,20.3971862793,37.3049881061
2852.01876497,3.54278564453,20.8930969238,37.3164905122
2854.02435112,3.54400634766,21.4042663574,37.3282725963
2856.03007007,3.54461669922,21.6331481934,37.3402616182
2858.03590512,3.54339599609,20.092010498,37.3518857552
2860.04161501,3.54187011719,19.7639465332,37.3629884617
2862.04740906,3.54309082031,20.9197998047,37.3743222418
2864.05321407,3.54370117188,21.598815918,37.3861672491
2866.05891418,3.54309082031,20.3895568848,37.3978639274
2868.06402206,3.54217529297,20.9121704102,37.40936593
2870.0693121,3.54156494141,20.1721191406,37.4208084184
2872.07758403,3.54217529297,19.3557739258,37.4318338015
2874.08326507,3.54278564453,20.1225280762,37.4428311462
2876.08897901,3.54736328125,20.5116271973,37.4541506589
2878.09619617,3.54461669922,21.1601257324,37.4657679169
2880.10192513,3.54125976562,20.9007263184,37.4774849543
2882.10911512,3.54370117188,20.6413269043,37.4890658978
2884.11486197,3.54461669922,21.3203430176,37.5007554099
2886.12060618,3.54217529297,21.3165283203,37.5126330013
2888.12638712,3.54370117188,20.0881958008,37.5241675577
2890.13214898,3.54400634766,20.393371582,37.5354448333
2892.13825202,3.54370117188,20.4582214355,37.5468271256
2894.1438601,3.54461669922,20.1301574707,37.5581332896
2896.14945912,3.54522705078,20.5459594727,37.5694638425
2898.15517902,3.54888916016,19.8707580566,37.5807228167
2900.16097212,3.54644775391,20.7557678223,37.5920406508
2902.17113304,3.54400634766,20.8778381348,37.6036642963
2904.17881203,3.54217529297,20.2293395996,37.6151267986
2906.18640804,3.54461669922,21.0304260254,37.6266313738
2908.19208407,3.544921875,21.1639404297,37.6383852945
2910.197721,3.5498046875,20.7176208496,37.6500518509
2912.20504618,3.54064941406,20.7443237305,37.6616112405
2914.21085715,3.54644775391,20.4734802246,37.6730938966
2916.21656203,3.54522705078,20.3628540039,37.6844696792
2918.22229218,3.54461669922,20.824432373,37.6959433712
2920.22897911,3.54888916016,21.1448669434,37.7076404884
2922.23587203,3.54339599609,20.7633972168,37.7193217938
2924.24345517,3.54705810547,20.9465026855,37.7309518065
2926.25100803,3.54461669922,19.889831543,37.7423380704
2928.25834513,3.544921875,20.3094482422,37.7535455017
2930.2659111,3.54370117188,21.2707519531,37.765139251
2932.27564001,3.54614257812,21.9421386719,37.7772012226
2934.28322005,3.54370117188,19.1917419434,37.7886706056
2936.29066801,3.54522705078,20.6298828125,37.7997733611
2938.29812002,3.54583740234,21.3775634766,37.8114855739
2940.30563402,3.54553222656,20.5879211426,37.8231864486
2942.31212497,3.54248046875,19.6685791016,37.8344051019
2944.31789017,3.54614257812,21.1448669434,37.8457748505
2946.32515407,3.54644775391,20.9732055664,37.8575168069
2948.33242011,3.54644775391,21.5492248535,37.8693715056
2950.34011817,3.54553222656,19.7982788086,37.880901131
2952.34778905,3.54614257812,20.8396911621,37.8922327517
2954.35360503,3.54858398438,20.5726623535,37.9037696351
2956.35938597,3.54644775391,20.0843811035,37.9150959021
2958.36514306,3.54675292969,20.2789306641,37.9263402075
2960.37090802,3.54614257812,22.0069885254,37.9381201541
2962.37701106,3.54553222656,20.3704833984,37.9499275951
2964.38278103,3.54766845703,21.4462280273,37.9615768595
2966.38822913,3.54553222656,22.0489501953,37.9736917654
2968.39590001,3.54553222656,19.4091796875,37.9852520821
2970.40355515,3.54736328125,21.1143493652,37.9965517032
2972.41133404,3.54553222656,20.3666687012,38.0081190243
2974.41900897,3.54766845703,20.9579467773,38.0196421347
2976.426193,3.54827880859,20.679473877,38.0312496299
2978.43387604,3.54675292969,20.6756591797,38.0427812964
2980.44123602,3.54797363281,21.4195251465,38.0545174337
2982.44763613,3.54919433594,21.7094421387,38.0665360399
2984.45452499,3.54644775391,19.6151733398,38.0780546386
2986.46034503,3.54888916016,21.1601257324,38.0894140708
2988.4665792,3.54797363281,20.679473877,38.1010724089
2990.47304916,3.54858398438,20.9465026855,38.1126725856
2992.47879004,3.5498046875,20.2026367188,38.1241357121
2994.48437309,3.55194091797,20.8625793457,38.1355745595
2996.48937011,3.54583740234,20.1797485352,38.1470036907
