813.664098024,3.49761962891,20.5764770508,25.6169240944
815.670192003,3.49792480469,21.6331481934,25.6286847159
817.675879002,3.49914550781,20.378112793,25.6403876937
819.681535006,3.5009765625,20.8320617676,25.6518673373
821.687348127,3.49731445312,21.6102600098,25.6636911382
823.694087029,3.49700927734,21.0800170898,25.6755895048
825.699789047,3.49700927734,20.0653076172,25.6870513466
827.706528187,3.49792480469,20.6298828125,25.6983936565
829.712611198,3.49853515625,20.9541320801,25.7099799045
831.719189167,3.49945068359,21.0609436035,25.7216891441
833.725026131,3.49578857422,20.076751709,25.7331496316
835.73090601,3.49731445312,20.1072692871,25.7443446759
837.736737967,3.49700927734,20.8396911621,25.7557519984
839.743376017,3.49609375,20.637512207,25.7673116838
841.749968052,3.49609375,19.4892883301,25.7784947558
843.756262064,3.49700927734,20.5383300781,25.7896485295
845.762346983,3.49700927734,20.9770202637,25.8012156571
847.767956972,3.49792480469,20.6184387207,25.812802361
849.773779154,3.49945068359,21.2745666504,25.8244731831
851.779494047,3.49731445312,20.7023620605,25.8361667596
853.785422087,3.49792480469,20.7786560059,25.8477234176
855.791084051,3.49700927734,20.4124450684,25.8591977821
857.796811104,3.49761962891,20.7290649414,25.8706587043
859.804347038,3.50494384766,20.9274291992,25.8822735528
861.809859037,3.49700927734,20.5879211426,25.8938373768
863.815899134,3.49700927734,20.5764770508,25.9053064648
865.82083416,3.49822998047,20.9350585938,25.9168658998
867.82738018,3.49822998047,20.2331542969,25.9283389433
869.833229065,3.49517822266,19.5693969727,25.939427541
871.838858128,3.49761962891,21.0304260254,25.9507370111
873.844788074,3.49517822266,21.7361450195,25.9626518369
875.850639105,3.49731445312,20.7748413086,25.9744949905
877.856317043,3.49822998047,20.1148986816,25.9858854973
879.862002134,3.49884033203,21.3279724121,25.9974301291
881.867779016,3.49700927734,20.9503173828,26.0092080202
883.873708963,3.49517822266,20.5497741699,26.0207700031
885.879295111,3.49700927734,20.2140808105,26.0321249229
887.88497901,3.49761962891,20.9121704102,26.0435813479
889.890769005,3.49822998047,19.2375183105,26.0547663262
891.896571159,3.4912109375,20.2980041504,26.0657802757
893.900757074,3.50006103516,21.7361450195,26.0774808659
895.9090662,3.49395751953,20.0386047363,26.089133173
897.914925098,3.49670410156,20.3018188477,26.1003716727
899.92010498,3.49670410156,19.905090332,26.1115691846
901.926293135,3.49731445312,20.0881958008,26.1227128036
903.93208313,3.49700927734,20.2217102051,26.1339424155
905.937795162,3.49822998047,20.9655761719,26.1454160039
907.943583965,3.49914550781,20.133972168,26.1568655891
909.949422121,3.49822998047,20.7977294922,26.1682686959
911.955057144,3.49700927734,21.4805603027,26.1800457541
913.960649967,3.49761962891,19.9241638184,26.1915792287
915.966320038,3.49487304688,20.8740234375,26.2029441875
917.970309973,3.49670410156,19.5426940918,26.2141934507
919.978476048,3.49975585938,21.7247009277,26.2257034205
921.98477602,3.49945068359,19.8860168457,26.2372983625
923.994556189,3.49761962891,21.0990905762,26.2487387869
926.000348091,3.49914550781,20.1301574707,26.2602245219
928.006085157,3.49853515625,20.4963684082,26.2715420398
930.010619164,3.49029541016,19.5655822754,26.2826955874
932.018686056,3.50036621094,21.7361450195,26.2942145639
934.025388002,3.49853515625,20.5116271973,26.3059893815
936.031134129,3.49822998047,20.0576782227,26.3172910103
938.036798,3.49945068359,21.6217041016,26.3289014035
940.04245615,3.49975585938,19.9546813965,26.3404830725
942.048218966,3.49761962891,20.7138061523,26.3518124253
944.054154158,3.49945068359,20.9693908691,26.3634254519
946.059656143,3.49853515625,20.1263427734,26.3748723374
948.066537142,3.49792480469,20.0271606445,26.3860644628
950.072076082,3.50280761719,20.8587646484,26.3974531177
952.077637196,3.50006103516,21.183013916,26.4091638616
954.082967043,3.49761962891,20.4086303711,26.4207478846
956.088853121,3.49884033203,20.7214355469,26.4322065272
958.094298124,3.49731445312,20.6871032715,26.4437402143
960.099768162,3.49853515625,20.1644897461,26.4551189152
962.105270147,3.49761962891,21.0380554199,26.4665955521
964.110733032,3.50280761719,21.0494995117,26.4783184729
966.116266966,3.49792480469,20.0881958008,26.489777229
968.121884108,3.49914550781,21.8544006348,26.5014606721
970.128395081,3.49609375,20.1797485352,26.5131748362
972.133803129,3.50006103516,20.9846496582,26.5246403105
974.138878107,3.49853515625,20.7061767578,26.5362504818
976.145123005,3.50067138672,21.6369628906,26.5480491912
978.150590181,3.50036621094,20.1416015625,26.5596860717
980.156186104,3.49700927734,19.9432373047,26.5708519036
982.161678076,3.49914550781,21.598815918,26.58242305
984.167047024,3.49822998047,19.8669433594,26.5939722369
986.172369003,3.49822998047,19.7448730469,26.6050047989
988.177929163,3.5009765625,21.6484069824,26.616534898
990.183411121,3.49700927734,20.2980041504,26.6282186161
992.188949108,3.49884033203,20.8168029785,26.6396710199
994.194573164,3.50219726562,21.0037231445,26.6513204996
996.200088024,3.49822998047,19.9279785156,26.6627217684
998.205631018,3.50006103516,21.7208862305,26.6743229613
1000.21178102,3.49853515625,20.3018188477,26.6860318294
1002.21763802,3.49975585938,20.4925537109,26.6973967846
1004.22373104,3.49914550781,20.5688476562,26.7088374778
1006.22921014,3.49639892578,20.2560424805,26.7202087922
1008.23475504,3.49914550781,21.1944580078,26.7317547422
1010.24019504,3.49975585938,20.5917358398,26.74339359
