18.3010950089,3.32275390625,0.625610351562,20.0015901881
20.307641983,3.31878662109,0.591278076172,20.0019293192
22.3134071827,3.32000732422,0.713348388672,20.0022927601
24.3191051483,3.39172363281,21.3088989258,20.0084274791
26.3247020245,3.39477539062,19.9394226074,20.0199174103
28.3304340839,3.40087890625,21.1486816406,20.0313634836
30.3377261162,3.40270996094,21.110534668,20.0431449542
32.3430922031,3.40423583984,20.1072692871,20.0546250634
34.3490741253,3.40759277344,20.3819274902,20.0659057018
36.3548982143,3.40759277344,20.4200744629,20.0772725961
38.3603920937,3.41033935547,20.2713012695,20.0886068051
40.3666520119,3.41430664062,21.5377807617,20.1002567892
42.3725230694,3.41278076172,20.3056335449,20.11191408
44.3781352043,3.41674804688,20.5879211426,20.1233052757
46.3836040497,3.41461181641,20.1034545898,20.1346393433
48.3891470432,3.41949462891,21.4958190918,20.1462267227
50.3947050571,3.41949462891,20.7710266113,20.1580001409
52.4001262188,3.42437744141,21.7628479004,20.1698471315
54.4056451321,3.42224121094,21.1868286133,20.1818105188
56.4111461639,3.42498779297,21.1524963379,20.193603791
58.4164559841,3.4228515625,19.3824768066,20.2048933993
60.4219670296,3.43139648438,20.435333252,20.2159843795
62.4283261299,3.42712402344,20.01953125,20.227257572
64.4347550869,3.42712402344,20.6680297852,20.2385960026
66.4420151711,3.42803955078,20.5497741699,20.2500869544
68.4514751434,3.42926025391,19.8631286621,20.2613658586
70.4584112167,3.43170166016,21.1372375488,20.2727943467
72.4651081562,3.43139648438,20.3590393066,20.2843596872
74.4711170197,3.43017578125,19.5121765137,20.2954683
76.4772281647,3.42437744141,20.3590393066,20.3065774793
78.4839911461,3.43536376953,21.369934082,20.3182080569
80.4906651974,3.43322753906,19.7906494141,20.3296797062
82.4980480671,3.43719482422,20.9808349609,20.3410469255
84.507584095,3.43597412109,20.0576782227,20.3525008659
86.5140061378,3.43444824219,20.8358764648,20.3638966617
88.5205001831,3.43627929688,20.378112793,20.375382165
90.5260181427,3.43597412109,20.622253418,20.3868025776
92.5334351063,3.44055175781,22.2091674805,20.3987443166
94.5420570374,3.44299316406,21.3737487793,20.4109028724
96.551377058,3.43658447266,20.8740234375,20.4226930522
98.5583400726,3.43963623047,21.2364196777,20.4344311219
100.566790104,3.43994140625,19.6266174316,20.445829923
102.576526165,3.44116210938,21.2364196777,20.4572360229
104.58407712,3.44207763672,19.7792053223,20.468672267
106.591578007,3.44360351562,21.4195251465,20.4801592792
108.595800161,3.44299316406,20.809173584,20.4919142366
110.604459047,3.44177246094,20.5993652344,20.5034664074
112.61059618,3.44268798828,20.4048156738,20.5148914088
114.6169312,3.44482421875,20.9426879883,20.5264132066
116.624423027,3.44390869141,19.8249816895,20.5377799794
118.633002996,3.44543457031,20.3971862793,20.549000735
120.642543077,3.44573974609,20.4658508301,20.5604057227
122.651184082,3.44482421875,20.4887390137,20.5718311488
124.658128023,3.44543457031,20.2293395996,20.5831809962
126.665470123,3.44696044922,20.8511352539,20.5946341305
128.672766209,3.44787597656,20.7023620605,20.6062188767
130.679570198,3.44879150391,21.9688415527,20.618112313
132.68672204,3.44909667969,20.8511352539,20.6300492846
134.69286108,3.44818115234,21.5606689453,20.6418665035
136.698538065,3.44970703125,20.580291748,20.6536055528
138.70494318,3.45001220703,21.4614868164,20.6653212249
140.713699102,3.45092773438,20.99609375,20.67716663
142.719595194,3.45062255859,20.1988220215,20.6886433967
144.725474119,3.45245361328,19.9012756348,20.6998150552
146.731211185,3.45184326172,21.0762023926,20.7112303394
148.737533092,3.45184326172,21.656036377,20.7231379265
150.743238211,3.45153808594,20.6565856934,20.7349249602
152.750658989,3.45306396484,21.6217041016,20.7467125043
154.756366014,3.45153808594,20.092010498,20.7583327113
156.762270212,3.45489501953,21.915435791,20.7700358936
158.768037081,3.45458984375,20.206451416,20.7817701555
160.774618149,3.45550537109,21.7742919922,20.7934698451
162.780310154,3.45581054688,20.2178955078,20.8051675388
164.786051035,3.45642089844,21.1791992188,20.8166997396
166.791848183,3.45458984375,20.1683044434,20.8282184486
168.79786706,3.45672607422,20.1988220215,20.8394652844
170.802930117,3.45611572266,21.2097167969,20.8509967748
172.808735132,3.45581054688,19.5426940918,20.8623497457
174.814336061,3.45520019531,21.1143493652,20.8736749963
176.819821119,3.45855712891,21.4080810547,20.8855191767
178.825417042,3.45764160156,19.9775695801,20.8970473561
180.830934048,3.45703125,20.4238891602,20.9083009412
182.837230206,3.39508056641,0.591278076172,20.9141568647
184.843384027,3.29986572266,-27.9083251953,20.9065454483
186.849025011,3.27911376953,-27.8968811035,20.8910002804
188.854938984,3.19183349609,-55.5114746094,20.8677627823
190.861011028,3.18176269531,-55.3665161133,20.8368698326
192.866322041,3.10150146484,-80.883026123,20.7989222344
194.871884108,3.10455322266,-80.6045532227,20.7539398228
196.877377033,3.08197021484,-80.4824829102,20.7090705295
198.882771015,3.30841064453,0.530242919922,20.6868016766
200.888319016,3.38470458984,21.0800170898,20.6928211785
202.893967152,3.39508056641,20.6832885742,20.7044548586
204.897960186,3.40240478516,20.0119018555,20.7157816472
206.905048132,3.40911865234,20.6604003906,20.7271195482
208.910561085,3.41430664062,20.9503173828,20.7387099418
210.91603303,3.41735839844,19.1917419434,20.7498910215
212.921463013,3.42346191406,21.0304260254,20.76109418
214.927111149,3.427734375,21.4576721191,20.7729297599
