2998.50325704,3.54766845703,19.4396972656,38.158085508
3000.50905204,3.54919433594,20.9007263184,38.1693236496
3002.51510906,3.54797363281,20.0653076172,38.1807375663
3004.52082109,3.54370117188,20.6832885742,38.1920889482
3006.52643919,3.54614257812,20.5230712891,38.2035673122
3008.53203607,3.54858398438,21.598815918,38.2153005797
3010.53784108,3.54827880859,21.3508605957,38.2272656736
3012.54479003,3.54797363281,21.1067199707,38.2391004232
3014.55052805,3.54736328125,20.6909179688,38.2507441887
3016.5562551,3.54583740234,20.2331542969,38.2621445385
3018.56407213,3.54644775391,20.8930969238,38.2736131479
3020.57007813,3.54583740234,20.0080871582,38.2850087063
3022.57591105,3.55010986328,21.0266113281,38.296440477
3024.58172798,3.55133056641,20.4658508301,38.307999683
3026.58743811,3.54797363281,19.9279785156,38.3192522264
3028.59316516,3.55102539062,21.1181640625,38.3306865818
3030.59890199,3.54919433594,22.0680236816,38.342717155
3032.60483503,3.54522705078,20.0309753418,38.3544460124
3034.61056304,3.55377197266,21.7781066895,38.3660929078
3036.61601901,3.54858398438,20.3742980957,38.3778338511
3038.62179804,3.55010986328,20.7939147949,38.3893025091
3040.62748718,3.5498046875,21.2593078613,38.4010171886
3042.63358498,3.5498046875,21.3851928711,38.4128989996
3044.63931417,3.55072021484,21.125793457,38.4247414338
3046.64502311,3.5498046875,20.1110839844,38.436228819
3048.65068913,3.54675292969,19.6342468262,38.4473004661
3050.65621901,3.54949951172,20.2560424805,38.4584117394
3052.66214514,3.55194091797,22.0985412598,38.4702117625
3054.66785097,3.54736328125,21.0647583008,38.4822357738
3056.67355514,3.55010986328,20.2293395996,38.4937390716
3058.679317,3.54736328125,20.3590393066,38.5050461025
3060.68510699,3.54949951172,20.8206176758,38.5165180114
3062.69285798,3.5498046875,19.7982788086,38.5278447655
3064.69825506,3.54919433594,19.3977355957,38.5387619284
3066.70391798,3.54858398438,20.2140808105,38.5497963661
3068.70968199,3.55072021484,21.3470458984,38.5613743955
3070.71540809,3.54919433594,20.9503173828,38.5731573018
3072.72147107,3.54949951172,19.4969177246,38.5844267048
3074.72715306,3.55102539062,20.5535888672,38.595583452
3076.73266697,3.55041503906,19.905090332,38.606852958
3078.73836207,3.5498046875,20.4238891602,38.618087352
3080.74403405,3.55133056641,20.8702087402,38.6295904652
3082.75091815,3.55194091797,20.092010498,38.6410080245
3084.75666499,3.54949951172,19.8593139648,38.6521375026
3086.762326,3.55194091797,20.9693908691,38.6635109112
3088.76799297,3.55255126953,20.7290649414,38.6751266355
3090.77365398,3.55163574219,21.9612121582,38.6870186111
3092.77952218,3.54949951172,20.1568603516,38.6987524031
3094.78524113,3.55163574219,20.7595825195,38.7101505815
3096.79165912,3.55499267578,20.6413269043,38.7216877384
3098.79736209,3.55194091797,19.847869873,38.7329668082
3100.80320597,3.55255126953,20.3628540039,38.7441690907
3102.80991316,3.55224609375,20.2941894531,38.7555005882
3104.815418,3.55255126953,21.4042663574,38.7671153736
3106.82115817,3.55072021484,20.3018188477,38.7787336472
3108.82686901,3.55133056641,20.0653076172,38.789978756
3110.83250213,3.55163574219,20.1110839844,38.8011702979
3112.83941698,3.55285644531,21.0838317871,38.8126528935
3114.84516811,3.55041503906,19.8249816895,38.8240491295
3116.85076618,3.55133056641,19.6647644043,38.835049207
3118.85637712,3.54705810547,19.8554992676,38.8460578561
3120.86207414,3.55194091797,20.2827453613,38.8572391279
3122.86889911,3.55224609375,20.4696655273,38.8685978718
3124.87481809,3.55194091797,19.8822021484,38.8798398964
3126.88049698,3.55224609375,20.7214355469,38.8911507102
3128.88635802,3.55621337891,21.3508605957,38.9028717074
3130.89218616,3.55316162109,20.076751709,38.9144129116
3132.89896798,3.5546875,21.2173461914,38.9259223901
3134.90465212,3.55407714844,21.1410522461,38.9377220523
3136.91031003,3.55346679688,21.1563110352,38.949504558
3138.91605902,3.55316162109,20.5230712891,38.961115444
3140.92176509,3.55285644531,19.645690918,38.9723052676
3142.92864799,3.55377197266,21.5530395508,38.9837887437
3144.93431306,3.55010986328,20.1873779297,38.9954161461
3146.93985605,3.55316162109,21.1181640625,39.0069217072
3148.94562817,3.55682373047,20.0881958008,39.0184009527
3150.95142603,3.55041503906,20.6451416016,39.0297485696
3152.95864415,3.55316162109,20.4467773438,39.0412041868
3154.96602917,3.55621337891,20.9503173828,39.0527458407
3156.97365999,3.55407714844,20.7405090332,39.0643708113
3158.98129201,3.55377197266,21.4729309082,39.0761415131
3160.98892808,3.55712890625,20.1606750488,39.0877505588
3162.99581599,3.54949951172,20.7443237305,39.0991521905
3165.00498605,3.55316162109,21.1372375488,39.1108392986
3167.01054597,3.55560302734,21.9230651855,39.1228337455
3169.01799417,3.55407714844,19.7982788086,39.1344661673
3171.02542114,3.55560302734,19.6762084961,39.1454720215
3173.03278708,3.55316162109,19.9890136719,39.1565307182
3175.04028201,3.5546875,20.3285217285,39.1677720026
3177.04770017,3.56292724609,21.0456848145,39.1793074656
3179.05513215,3.55590820312,19.603729248,39.1906409286
3181.06117606,3.55529785156,21.110534668,39.2019846232
3183.06779718,3.55438232422,20.1568603516,39.213485738
3185.07351398,3.55682373047,20.2102661133,39.2247308802
3187.07921004,3.55407714844,21.3050842285,39.2362957656
3189.08521509,3.55682373047,20.336151123,39.2478975056
3191.09093809,3.55102539062,19.4702148438,39.25898647
3193.09691906,3.55773925781,21.9688415527,39.270531742
3195.10259509,3.55285644531,20.6146240234,39.2823940526
