3793.02714014,3.58703613281,21.7475891113,42.7164392604
3795.03476501,3.58734130859,20.0729370117,42.7281003615
3797.04044914,3.59069824219,20.3323364258,42.7393559471
3799.04795218,3.58856201172,20.4429626465,42.7507249105
3801.05543303,3.58734130859,20.0462341309,42.7620139782
3803.0630281,3.58825683594,20.4544067383,42.7733068791
3805.07043409,3.58673095703,20.3819274902,42.78469231
3807.077811,3.58825683594,21.6827392578,42.7964200378
3809.08522415,3.58764648438,20.4010009766,42.8081532953
3811.09296203,3.58551025391,19.6685791016,42.8193267971
3813.10058403,3.58703613281,20.1759338379,42.8304368973
3815.107934,3.58734130859,19.5999145508,42.8415263484
3817.11544919,3.58795166016,19.8211669922,42.8525177956
3819.12307811,3.58734130859,20.5307006836,42.8637694035
3821.12888098,3.58856201172,21.3470458984,42.8754358624
3823.13657904,3.58978271484,20.5039978027,42.8871058984
3825.14400005,3.59344482422,20.3018188477,42.8984829059
3827.15144515,3.58459472656,20.2980041504,42.9098026164
3829.15881014,3.58856201172,21.1601257324,42.9213611717
3831.16635013,3.58825683594,20.3170776367,42.9329260529
3833.17370915,3.58947753906,20.8969116211,42.9444165075
3835.18111014,3.58825683594,20.1377868652,42.9558572151
3837.18846297,3.59039306641,21.3508605957,42.9674242086
3839.19732404,3.58978271484,20.2827453613,42.9790403378
3841.202878,3.58917236328,19.9661254883,42.990251627
3843.20870709,3.58917236328,19.9737548828,43.0013783734
3845.2142961,3.59039306641,19.7372436523,43.0124400321
3847.22002101,3.58978271484,19.8249816895,43.0234609961
3849.2258141,3.58917236328,20.1148986816,43.0345875428
3851.23150897,3.59039306641,19.8135375977,43.0457103566
3853.23729897,3.58642578125,19.6723937988,43.0567104241
3855.24303818,3.58917236328,20.01953125,43.0677675978
3857.24868703,3.59008789062,19.8173522949,43.0788646533
3859.25433016,3.59252929688,20.1530456543,43.0899988692
3861.2601881,3.59039306641,20.3552246094,43.1012841241
3863.26592016,3.58947753906,19.6075439453,43.1124167083
3865.27164912,3.59100341797,20.0538635254,43.1234653241
3867.27740812,3.59100341797,20.8282470703,43.1348541659
3869.28313708,3.59069824219,20.5955505371,43.1463937368
3871.28881407,3.59222412109,20.6527709961,43.157884127
3873.29598498,3.59161376953,19.4206237793,43.169055537
3875.30341411,3.58703613281,19.2375183105,43.1798337982
3877.31083012,3.58978271484,19.6342468262,43.1906715487
3879.31829715,3.59130859375,19.8554992676,43.201681877
3881.32569313,3.59222412109,20.1072692871,43.2128236965
3883.33318806,3.59191894531,20.679473877,43.2241958049
3885.34064412,3.59344482422,20.8854675293,43.2357846651
3887.34810615,3.59283447266,21.2020874023,43.2475192718
3889.355479,3.59222412109,20.6832885742,43.2591969894
3891.36288619,3.59313964844,20.1988220215,43.2705951898
3893.37080908,3.59069824219,21.5492248535,43.2822378091
3895.37816906,3.59252929688,20.5726623535,43.2939813911
3897.38563514,3.59405517578,21.0762023926,43.3055937082
3899.39305115,3.59436035156,20.9541320801,43.3173120924
3901.40051007,3.59710693359,21.4424133301,43.3291328318
3903.40797806,3.59405517578,20.9007263184,43.3409387342
3905.41544318,3.59527587891,21.7018127441,43.3528169441
3907.42286301,3.59527587891,21.541595459,43.3648735656
3909.43136811,3.59344482422,19.7105407715,43.3763812221
3911.43890905,3.59710693359,19.7639465332,43.3873877011
3913.44616199,3.58947753906,19.7792053223,43.3984117438
3915.45364118,3.59436035156,20.3285217285,43.4095944421
3917.46111107,3.59558105469,20.6985473633,43.4210334152
3919.468647,3.59771728516,20.8930969238,43.4326301819
3921.47602701,3.59527587891,20.5574035645,43.4441866966
3923.48351407,3.59710693359,20.565032959,43.4556523576
3925.49092698,3.59985351562,20.7290649414,43.4671654556
3927.49828219,3.59375,20.9846496582,43.4787952115
3929.50559211,3.59680175781,21.800994873,43.4907235515
3931.51142097,3.59741210938,21.6941833496,43.5028407576
3933.51722097,3.59619140625,20.6260681152,43.5146304743
3935.52285218,3.59802246094,21.900177002,43.5264765805
3937.52861404,3.59802246094,20.2445983887,43.5382171893
3939.53431797,3.59710693359,20.9808349609,43.5497013578
3941.53994799,3.59893798828,21.5034484863,43.5615357681
3943.54546618,3.59741210938,20.2522277832,43.5731665693
3945.55135298,3.59802246094,21.541595459,43.5848101357
3947.557024,3.59771728516,21.4309692383,43.5967808063
3949.56279612,3.59771728516,20.4963684082,43.6084609013
3951.56855702,3.60137939453,22.1328735352,43.6203364662
3953.57434297,3.59741210938,20.7061767578,43.632270628
3955.57994914,3.59985351562,21.3165283203,43.643976322
3957.58553505,3.59527587891,21.0304260254,43.6557722185
3959.59123206,3.59710693359,20.8930969238,43.6674508136
3961.59726405,3.59802246094,20.7748413086,43.6790601493
3963.60499597,3.59802246094,19.9394226074,43.6904133892
3965.61087918,3.5986328125,21.7475891113,43.7020271777
3967.61675501,3.5986328125,20.4658508301,43.713787583
3969.62252998,3.59985351562,21.4729309082,43.7254708829
3971.62810397,3.60076904297,21.2821960449,43.7373804066
3973.63383508,3.60107421875,21.3928222656,43.7492685471
3975.63955903,3.59771728516,21.7361450195,43.761283103
3977.64724708,3.60107421875,20.5001831055,43.7730605157
3979.65470505,3.59741210938,20.2293395996,43.7844164608
3981.66031718,3.59954833984,21.1715698242,43.7959489839
3983.66587615,3.60046386719,20.9121704102,43.8076714037
3985.67166901,3.60229492188,21.8162536621,43.8195747881
3987.67919803,3.59802246094,20.6336975098,43.831410831
3989.68506002,3.60565185547,20.8969116211,43.8429809242
