416.430536032,3.48571777344,21.3737487793,23.3337838397
418.436043978,3.48846435547,21.5454101562,23.3457386611
420.441573143,3.48236083984,20.3018188477,23.3573950275
422.447544098,3.486328125,21.1524963379,23.3689444931
424.45415616,3.48846435547,21.0609436035,23.380709215
426.461416006,3.4912109375,20.3666687012,23.3922586571
428.468077183,3.48754882812,21.2440490723,23.4038556865
430.474123001,3.48876953125,20.8396911621,23.4155809519
432.478864193,3.48815917969,21.6064453125,23.4273994961
434.486905098,3.48907470703,20.8625793457,23.4392438765
436.494760036,3.48663330078,20.3323364258,23.4507318508
438.501036167,3.48419189453,21.053314209,23.4622639401
440.507009983,3.48937988281,21.1753845215,23.4740291712
442.513123035,3.48876953125,20.1301574707,23.4855380027
444.519600153,3.48754882812,19.9203491211,23.4966991729
446.525660992,3.49029541016,22.1061706543,23.5084085834
448.531663179,3.50372314453,20.9732055664,23.5204109893
450.537917137,3.48907470703,21.2059020996,23.5321640451
452.54352808,3.48846435547,21.2020874023,23.5439770907
454.549892187,3.48846435547,19.344329834,23.5552758235
456.556261063,3.49090576172,21.2097167969,23.5665767091
458.562772989,3.48724365234,20.9732055664,23.5783323393
460.569591045,3.4912109375,20.9884643555,23.5900280944
462.575634003,3.48846435547,20.5917358398,23.6016130482
464.582056999,3.49029541016,20.2598571777,23.612997156
466.587962151,3.48876953125,20.1225280762,23.6242476052
468.594328165,3.48968505859,21.7475891113,23.6359152136
470.601104975,3.49365234375,20.5345153809,23.6477000395
472.60700798,3.48937988281,20.7862854004,23.6592119171
474.612832069,3.48815917969,20.3742980957,23.6706787073
476.617843151,3.49151611328,19.7601318359,23.681855093
478.625190973,3.49426269531,20.2140808105,23.6929998359
480.631150007,3.48907470703,19.6266174316,23.7040996704
482.637179136,3.49334716797,21.2821960449,23.7154974859
484.643830061,3.49060058594,20.9159851074,23.727258183
486.650981188,3.48907470703,19.7944641113,23.7386070752
488.657103062,3.4814453125,20.8396911621,23.7499288902
490.66338706,3.48937988281,20.0080871582,23.7613111463
492.670027971,3.48876953125,19.5922851562,23.7723477751
494.675728083,3.49060058594,19.8249816895,23.7833282218
496.682209969,3.48876953125,19.4625854492,23.794276804
498.688024044,3.48907470703,20.0843811035,23.8052940071
500.69494319,3.49090576172,20.9426879883,23.8167298419
502.700586081,3.49060058594,20.8625793457,23.8283751804
504.707252026,3.49151611328,21.1563110352,23.8400859965
506.713860989,3.49090576172,20.8740234375,23.8517996696
508.72056818,3.49304199219,21.0723876953,23.8634905258
510.72705698,3.49182128906,21.9078063965,23.8754682033
512.732952118,3.49060058594,21.5682983398,23.887580496
514.739488125,3.49090576172,21.3928222656,23.8995531398
516.746052027,3.49243164062,21.7704772949,23.9115822952
518.751543045,3.49334716797,20.3895568848,23.9233255688
520.75732398,3.49029541016,20.4048156738,23.934690093
522.763509989,3.49334716797,21.5034484863,23.9463672837
524.770001173,3.48937988281,20.7786560059,23.9581504323
526.776594162,3.49182128906,22.0108032227,23.9700755752
528.783324003,3.49182128906,21.2059020996,23.9821206103
530.789108992,3.49182128906,20.8129882812,23.9938262852
532.794828176,3.49151611328,20.6527709961,24.0053774892
534.800635099,3.48785400391,20.8740234375,24.016946202
536.806399107,3.49151611328,20.6680297852,24.028518918
538.813091993,3.49151611328,20.9197998047,24.0401097515
540.819722176,3.49426269531,20.8587646484,24.0517533805
542.82554698,3.48968505859,20.3971862793,24.063246743
544.831677198,3.49243164062,20.5230712891,24.0746483215
546.838307142,3.49517822266,21.1982727051,24.0862760018
548.844115019,3.49212646484,21.0418701172,24.0980434478
550.84990406,3.49395751953,21.7132568359,24.1099542485
552.855987072,3.49426269531,21.1219787598,24.1218891149
554.862608194,3.49212646484,21.1219787598,24.1336623951
556.869109154,3.49487304688,21.2249755859,24.1454636735
558.87488699,3.49334716797,21.900177002,24.1574774895
560.87936902,3.4912109375,20.4772949219,24.1692753897
562.887216091,3.49822998047,20.6680297852,24.1807494896
564.893015146,3.48724365234,20.8930969238,24.1923277214
566.899188042,3.49243164062,21.0342407227,24.2040101503
568.905035973,3.49304199219,20.7252502441,24.2156439265
570.909790039,3.49273681641,21.6789245605,24.2274508629
572.916526079,3.49212646484,20.6642150879,24.2392524607
574.923079014,3.49273681641,21.8963623047,24.251113579
576.929510117,3.49029541016,19.9890136719,24.262785818
578.935522079,3.49182128906,21.0151672363,24.2742101065
580.942039013,3.49304199219,21.9650268555,24.286187952
582.947715044,3.49395751953,21.0189819336,24.2981618403
584.95441699,3.49365234375,21.7247009277,24.3100748725
586.95998311,3.4912109375,19.4816589355,24.3215529391
588.966899157,3.48876953125,20.5268859863,24.3327048545
590.972656965,3.49212646484,20.4734802246,24.3441266329
592.979151964,3.4912109375,19.9203491211,24.3553835796
594.985850096,3.49243164062,20.0996398926,24.3665374737
596.99158597,3.49212646484,20.4582214355,24.3778358567
598.998258114,3.49182128906,19.9737548828,24.389104429
601.004189968,3.49060058594,19.5121765137,24.4001052745
603.009834051,3.49060058594,20.1797485352,24.4111619237
605.017382145,3.49334716797,20.2331542969,24.4224300968
607.022896051,3.49365234375,21.2478637695,24.4339843688
609.029062033,3.49639892578,21.297454834,24.4458389481
611.034784079,3.49273681641,20.8129882812,24.4575697598
613.039885044,3.49304199219,20.3399658203,24.4690302915
