3594.39134812,3.57574462891,21.2059020996,41.5784386959
3596.39716816,3.57635498047,22.1824645996,41.5905260925
3598.40294409,3.57635498047,21.4805603027,41.6026897376
3600.4086771,3.56628417969,20.2903747559,41.6143260353
3602.414397,3.57513427734,19.5732116699,41.6254309226
3604.42124701,3.57391357422,20.9693908691,41.6367313284
3606.42688203,3.57482910156,20.6985473633,41.6483383668
3608.43399906,3.57513427734,20.4620361328,41.6598125485
3610.44119811,3.57818603516,20.3170776367,41.6711808538
3612.44742799,3.57604980469,21.5873718262,41.6828572369
3614.45429111,3.57452392578,19.2985534668,41.6942534113
3616.45999217,3.57757568359,19.9203491211,41.705178605
3618.46575999,3.57666015625,20.5993652344,41.716466541
3620.47143602,3.57727050781,21.0571289062,41.7280706288
3622.47703505,3.57421875,20.0347900391,41.7395170055
3624.48398614,3.57269287109,20.2865600586,41.7507563079
3626.48976398,3.57818603516,20.1377868652,41.7620177328
3628.49551606,3.57543945312,20.4849243164,41.7733342728
3630.501194,3.58337402344,20.2522277832,41.7846822738
3632.50693417,3.57696533203,21.4233398438,41.796292046
3634.513762,3.57849121094,20.6642150879,41.8080229455
3636.51930118,3.58123779297,21.1334228516,41.8196655567
3638.5250392,3.57635498047,20.3895568848,41.8312328094
3640.53070998,3.57604980469,19.4396972656,41.842327861
3642.5365932,3.57757568359,21.6407775879,41.8537726714
3644.54345608,3.57635498047,19.9699401855,41.8653708665
3646.54922819,3.57666015625,19.8173522949,41.876454789
3648.55494499,3.57757568359,21.354675293,41.8879241539
3650.56053019,3.57818603516,21.2020874023,41.899778489
3652.56627417,3.58001708984,21.4309692383,41.9116550164
3654.57312298,3.57635498047,20.0233459473,41.9232095363
3656.57881618,3.57543945312,20.3056335449,41.9344439196
3658.584481,3.58062744141,20.8206176758,41.9459002356
3660.59015799,3.57971191406,21.0151672363,41.9575542732
3662.59590602,3.57482910156,20.580291748,41.9691417746
3664.60272908,3.57452392578,20.8930969238,41.9807014625
3666.6087122,3.57879638672,20.4658508301,41.9922244279
3668.61451316,3.58123779297,19.5579528809,42.0033743979
3670.62075615,3.57757568359,20.3094482422,42.0144832443
3672.62688112,3.57940673828,21.9955444336,42.0262706196
3674.63491797,3.57879638672,21.1639404297,42.0383075413
3676.64042711,3.58001708984,20.4620361328,42.049902163
3678.64613605,3.57971191406,21.2097167969,42.0615106918
3680.65184712,3.57879638672,21.0304260254,42.0732775699
3682.65761518,3.58093261719,21.2516784668,42.085056472
3684.66447616,3.57696533203,20.0614929199,42.0965717207
3686.67024708,3.57879638672,20.1110839844,42.1077629689
3688.67590499,3.58032226562,20.9159851074,42.1191916169
3690.68322897,3.58123779297,21.6407775879,42.1310562294
3692.69124913,3.5791015625,19.9661254883,42.1426600489
3694.69834518,3.57727050781,19.9546813965,42.1537885064
3696.70630908,3.58215332031,21.0075378418,42.1652122088
3698.71405506,3.58062744141,20.6489562988,42.1768282725
3700.71984005,3.57971191406,21.800994873,42.1886540329
3702.72582817,3.58215332031,20.8358764648,42.2005330687
3704.73351002,3.58123779297,20.3285217285,42.212011543
3706.74142814,3.58062744141,20.5955505371,42.2234243466
3708.747437,3.57849121094,20.4162597656,42.2348507431
3710.75311804,3.58123779297,20.8702087402,42.246351783
3712.75891018,3.58184814453,21.5492248535,42.2581690839
3714.76463103,3.57879638672,21.4958190918,42.2701602426
3716.770262,3.58245849609,21.2478637695,42.2820669167
3718.77593303,3.58093261719,21.7704772949,42.294050339
3720.78168702,3.58001708984,20.694732666,42.3058801674
3722.787359,3.58306884766,21.5721130371,42.3176542546
3724.79312205,3.58215332031,20.9007263184,42.3294862618
3726.79900599,3.57788085938,19.458770752,42.3407302155
3728.80471206,3.58215332031,20.1377868652,42.35176064
3730.81038499,3.58062744141,20.2407836914,42.3630087242
3732.8159461,3.58093261719,19.2832946777,42.3740181623
3734.82167602,3.58184814453,20.206451416,42.385018963
3736.8273952,3.583984375,20.4620361328,42.3963480693
3738.83312416,3.58184814453,19.9584960938,42.4076081571
3740.83885503,3.58489990234,21.0380554199,42.4190287195
3742.84450412,3.57818603516,20.2484130859,42.4305295761
3744.85023904,3.58520507812,20.3819274902,42.4418481446
3746.85596514,3.58703613281,20.0996398926,42.4531252191
3748.86168408,3.583984375,20.191192627,42.4643491199
3750.86736202,3.58276367188,20.3628540039,42.4756461139
3752.87321115,3.58551025391,21.842956543,42.4874042372
3754.87886119,3.58337402344,20.0004577637,42.4990602436
3756.88465118,3.58123779297,20.824432373,42.5104333208
3758.89204502,3.58551025391,20.2026367188,42.5218718605
3760.89953113,3.58337402344,20.0614929199,42.5330982051
3762.90696311,3.583984375,19.832611084,42.5442210801
3764.9142971,3.58245849609,20.2369689941,42.5553923343
3766.92165709,3.58703613281,20.7824707031,42.566828554
3768.92909813,3.58764648438,20.9541320801,42.5784651886
3770.93651605,3.58673095703,21.2249755859,42.5902250631
3772.94379902,3.58489990234,20.2751159668,42.6017948447
3774.95155215,3.58337402344,21.1372375488,42.61334287
3776.9590261,3.58093261719,20.9808349609,42.6250860552
3778.96680212,3.58367919922,19.4664001465,42.6363650814
3780.97432208,3.583984375,20.2522277832,42.6474395173
3782.98337507,3.58612060547,20.4010009766,42.6587831966
3784.99133515,3.58642578125,20.923614502,42.6703079436
3786.99717712,3.58245849609,19.8287963867,42.6816611236
3789.00633216,3.58673095703,20.4734802246,42.6929074461
3791.0138402,3.58062744141,21.0266113281,42.7044785249
