615.049681187,3.49517822266,21.2364196777,24.4806358552
617.056953192,3.49365234375,20.622253418,24.4923055417
619.062767029,3.48937988281,20.2903747559,24.5037031967
621.069277048,3.49304199219,20.0004577637,24.5149315243
623.075706005,3.49090576172,20.565032959,24.5262359376
625.082293034,3.49365234375,20.8396911621,24.5377751295
627.087990046,3.49212646484,21.541595459,24.5495812434
629.093657017,3.49395751953,21.297454834,24.5615146974
631.100465059,3.49243164062,20.99609375,24.5733028964
633.106849194,3.49273681641,20.3475952148,24.5848239133
635.112890005,3.49334716797,21.4805603027,24.5964779393
637.119158983,3.49243164062,19.9813842773,24.6080312467
639.12512207,3.49029541016,19.5350646973,24.6190407659
641.13102603,3.49182128906,19.8669433594,24.6300180775
643.137472153,3.49365234375,20.7176208496,24.6413279027
645.143329144,3.49243164062,19.8554992676,24.6526312189
647.149248123,3.49426269531,20.4200744629,24.6638519881
649.155145168,3.49365234375,20.2407836914,24.6751799735
651.161337137,3.49548339844,22.2930908203,24.6870315176
653.167795181,3.49212646484,19.9089050293,24.6987921473
655.174157143,3.49395751953,20.4658508301,24.7100430327
657.179996014,3.49426269531,20.6718444824,24.721503531
659.186349154,3.49426269531,21.0113525391,24.7331189773
661.192208052,3.49365234375,20.6642150879,24.7447294368
663.198652029,3.48968505859,20.679473877,24.7562507973
665.204657078,3.49700927734,20.206451416,24.767642099
667.21054697,3.49334716797,19.8020935059,24.7787883124
669.216603041,3.49334716797,20.3323364258,24.789970523
671.222591162,3.48815917969,20.7214355469,24.8014084923
673.229206085,3.49517822266,20.4162597656,24.8128734247
675.235200167,3.49517822266,21.2135314941,24.8244719129
677.241051197,3.49304199219,21.4805603027,24.8363660779
679.247347116,3.49243164062,20.2751159668,24.8480013894
681.253226995,3.49487304688,20.3285217285,24.8593133366
683.259173155,3.49365234375,20.1416015625,24.87058846
685.265146017,3.49578857422,20.0729370117,24.8817925257
687.271118164,3.49334716797,20.450592041,24.8930826744
689.277029037,3.49517822266,20.4925537109,24.9044893829
691.283041,3.49395751953,20.1683044434,24.9158180173
693.289201021,3.49456787109,20.8740234375,24.9272537781
695.295192003,3.49487304688,20.7557678223,24.9388522483
697.301760197,3.49670410156,21.6026306152,24.9506571115
699.307602167,3.49426269531,20.6336975098,24.9624236948
701.314239025,3.49517822266,19.8783874512,24.9737143952
703.320430994,3.49609375,21.2783813477,24.9851822256
705.32608819,3.49304199219,19.9012756348,24.996653375
707.330871105,3.48785400391,20.866394043,25.0080048094
709.337678194,3.49578857422,21.6102600098,25.0198440386
711.343780994,3.49487304688,21.0762023926,25.0317375708
713.349914074,3.49365234375,19.7792053223,25.0431210965
715.356075048,3.49334716797,19.8936462402,25.0541752807
717.360803127,3.49578857422,20.580291748,25.0654446196
719.367655039,3.49365234375,20.9732055664,25.0770268023
721.373381138,3.49639892578,21.7628479004,25.0889319159
723.379405022,3.49609375,21.2821960449,25.1009248862
725.385766029,3.49395751953,20.3971862793,25.112539315
727.390776157,3.49456787109,20.206451416,25.1238463574
729.397413015,3.49639892578,19.7639465332,25.1349860898
731.402892113,3.49731445312,21.7094421387,25.1465380362
733.409188986,3.49670410156,20.9846496582,25.158434845
735.414800167,3.49639892578,20.5726623535,25.1700109296
737.420423985,3.49151611328,20.1683044434,25.1813596871
739.426257133,3.49548339844,21.5911865234,25.1929933775
741.431929111,3.49578857422,21.183013916,25.2049087963
743.43823719,3.49914550781,21.0189819336,25.216668547
745.444003105,3.49609375,20.694732666,25.2282890952
747.450585127,3.49517822266,20.3285217285,25.2397219459
749.457280159,3.49426269531,19.3023681641,25.2507673778
751.464718103,3.49731445312,20.8778381348,25.2619700543
753.470879078,3.49670410156,20.2865600586,25.2734398333
755.47754097,3.49517822266,20.8015441895,25.2848912129
757.482472181,3.49456787109,21.0304260254,25.296539855
759.489878178,3.49578857422,20.2903747559,25.3080603582
761.496364117,3.49975585938,20.8129882812,25.319514986
763.503211021,3.49273681641,20.1148986816,25.3309227642
765.508999109,3.49792480469,21.4653015137,25.3425062462
767.516262054,3.49548339844,20.1873779297,25.3541184517
769.522162199,3.49426269531,20.393371582,25.3654241366
771.527830124,3.49700927734,21.5721130371,25.3771142514
773.535012007,3.49548339844,19.9432373047,25.3886877041
775.540683031,3.49578857422,21.125793457,25.4001281159
777.546374083,3.49853515625,20.1225280762,25.4116185866
779.552340031,3.49609375,20.8435058594,25.4230319851
781.55897212,3.49761962891,19.53125,25.4342843852
783.565752983,3.49639892578,20.3666687012,25.4454047157
785.571678162,3.49670410156,20.0576782227,25.4566669679
787.578307152,3.50219726562,20.5879211426,25.4679948342
789.584104061,3.49761962891,20.8015441895,25.4795252317
791.589128971,3.49700927734,21.0800170898,25.491188228
793.598147154,3.49456787109,19.9661254883,25.5026413456
795.604789019,3.50128173828,20.9999084473,25.5140585899
797.611386061,3.49304199219,20.4391479492,25.5256074077
799.617287159,3.49700927734,20.622253418,25.5370470063
801.623892069,3.49609375,20.2445983887,25.5484363987
803.629065037,3.49212646484,20.2560424805,25.5597156752
805.636070013,3.49761962891,20.9617614746,25.5712051665
807.642640114,3.49639892578,19.9127197266,25.5825964876
809.648184061,3.49731445312,20.6146240234,25.5938852888
811.653448105,3.49700927734,20.7099914551,25.6053945618
