4190.29482007,3.62060546875,20.637512207,44.9924086301
4192.30178213,3.61907958984,19.9851989746,45.0037319968
4194.30737209,3.62030029297,20.3018188477,45.0149541132
4196.31336904,3.61450195312,19.8440551758,45.0261391827
4198.32085204,3.62121582031,20.0958251953,45.0372751037
4200.32823706,3.62030029297,20.149230957,45.0484955652
4202.33616209,3.62335205078,22.0680236816,45.0602690489
4204.34365702,3.61968994141,21.4691162109,45.0724080194
4206.350981,3.62152099609,20.3247070312,45.0840599282
4208.35842204,3.62274169922,20.0080871582,45.0953051652
4210.36597109,3.62243652344,20.2331542969,45.1065254799
4212.37252307,3.62518310547,19.8173522949,45.1176870665
4214.37832499,3.62457275391,20.5612182617,45.128935874
4216.38400698,3.62457275391,20.9655761719,45.1405038662
4218.38975811,3.62243652344,21.1143493652,45.1522263465
4220.39541817,3.62457275391,21.4004516602,45.1640694352
4222.40235305,3.62213134766,20.5764770508,45.1757701244
4224.40819001,3.61999511719,19.5198059082,45.1869404864
4226.41386414,3.62396240234,19.9737548828,45.1979420438
4228.41954613,3.62518310547,21.2059020996,45.2094133349
4230.4253521,3.62518310547,20.9197998047,45.2211488883
4232.43225718,3.62396240234,20.1110839844,45.2325857063
4234.43785119,3.62609863281,21.0189819336,45.2440426804
4236.44339609,3.6279296875,21.4195251465,45.2558638376
4238.44912314,3.62854003906,21.3737487793,45.2677848969
4240.45484209,3.62701416016,20.6146240234,45.2794816851
4242.46166897,3.62579345703,20.206451416,45.2908595783
4244.46734905,3.62701416016,20.9197998047,45.3023159815
4246.473001,3.62457275391,19.9737548828,45.3137074034
4248.4785831,3.63250732422,20.7290649414,45.3250452988
4250.48423719,3.62915039062,21.9535827637,45.3369351081
4252.49112105,3.62915039062,20.1072692871,45.3486588922
4254.49683309,3.62915039062,21.6865539551,45.3603014441
4256.5024991,3.6328125,21.4424133301,45.372315653
4258.5086751,3.62884521484,20.263671875,45.3839364512
4260.51428008,3.63098144531,22.0184326172,45.3957143956
4262.52097106,3.63098144531,21.9650268555,45.4079728972
4264.52674508,3.63037109375,20.99609375,45.4199409943
4266.53241801,3.62976074219,20.923614502,45.4316183866
4268.53815818,3.63037109375,20.2407836914,45.4430857598
4270.54385519,3.63006591797,20.0462341309,45.4543084752
4272.55081105,3.63128662109,21.0075378418,45.4657519625
4274.55634499,3.62976074219,19.8097229004,45.4771214627
4276.56195712,3.63250732422,20.3475952148,45.4883075744
4278.56765008,3.6328125,21.354675293,45.499924512
4280.57340813,3.63250732422,20.9159851074,45.5117001671
4282.58037519,3.63220214844,21.1753845215,45.5234329439
4284.58599901,3.63403320312,21.0990905762,45.5352088736
4286.59171915,3.63342285156,19.8020935059,45.5466028082
4288.59725308,3.61297607422,21.068572998,45.5579871844
4290.60301018,3.59802246094,21.5301513672,45.5698542251
4292.60994816,3.56323242188,21.3279724121,45.581800558
4294.61565709,3.65112304688,20.9274291992,45.5935716741
4296.62137914,3.63555908203,20.9007263184,45.6052238483
4298.62706518,3.57299804688,22.3731994629,45.6172785578
4300.63274717,3.63403320312,19.8364257812,45.6290367641
4302.63946104,3.63220214844,20.1454162598,45.6401801137
4304.64500809,3.63708496094,20.435333252,45.6514838085
4306.65078807,3.6279296875,20.565032959,45.6629057132
4308.65646315,3.63525390625,20.8549499512,45.6744439114
4310.66217709,3.63616943359,20.580291748,45.6859865839
4312.66913319,3.63464355469,20.5535888672,45.6974524023
4314.67477417,3.74755859375,22.1138000488,45.7093378834
4316.68043613,3.61724853516,20.8473205566,45.721305312
4318.68597603,3.57727050781,21.2898254395,45.7330424963
4320.69171119,3.75701904297,20.8168029785,45.744772322
4322.69851708,3.73382568359,20.2522277832,45.7562192072
4324.70422697,3.64288330078,19.1268920898,45.7671890808
4326.70989418,3.58001708984,20.8206176758,45.7783170544
4328.71560907,3.49243164062,20.4429626465,45.7898119125
4330.72145009,3.44604492188,22.289276123,45.8017166454
4332.72830915,3.69232177734,20.3666687012,45.8136061551
4334.73400211,3.34899902344,20.2217102051,45.8249127975
4336.73967314,3.47045898438,20.0614929199,45.8361343049
4338.7454052,3.53393554688,21.0762023926,45.847594193
4340.75107312,3.40972900391,21.0456848145,45.8593278761
4342.75801611,3.41400146484,21.3356018066,45.8711413242
4344.76359606,3.62701416016,20.8435058594,45.8828904315
4346.76911807,3.66760253906,19.0277099609,45.8939963483
4348.77481008,3.55865478516,20.6756591797,45.9050564497
4350.78052306,3.64410400391,21.6293334961,45.9168414043
4352.78737307,3.64501953125,21.6903686523,45.9289158688
4354.79308915,3.64532470703,21.1982727051,45.9408634296
4356.79882002,3.64074707031,20.4811096191,45.9524742106
4358.80446005,3.64471435547,19.7257995605,45.9636742921
4360.81001616,3.64532470703,21.7056274414,45.9752149937
4362.81689405,3.64776611328,20.076751709,45.9868611233
4364.82259011,3.64776611328,21.3088989258,45.9983898784
4366.82828808,3.64471435547,20.3247070312,46.0099877171
4368.83399796,3.64715576172,19.8936462402,46.0211913766
4370.83969903,3.64624023438,20.5726623535,46.0324640597
4372.84655619,3.64807128906,19.5159912109,46.0436379766
4374.85208011,3.64288330078,20.7672119141,46.0548586609
4376.85782814,3.65264892578,21.7742919922,46.0667097079
4378.86175609,3.6474609375,20.0157165527,46.078340842
4380.87080503,3.64959716797,20.7023620605,46.0897025938
4382.87763715,3.64898681641,19.603729248,46.1009369769
4384.88331819,3.65112304688,21.6102600098,46.1124178265
4386.88934112,3.64929199219,20.8435058594,46.1242460526
