3395.7650342,3.56384277344,21.068572998,40.4352143989
3397.77062917,3.564453125,20.8778381348,40.4468987754
3399.77629614,3.57727050781,20.6680297852,40.4584719942
3401.78210402,3.56292724609,20.4010009766,40.4699131866
3403.78923011,3.56506347656,20.637512207,40.4813533908
3405.79492497,3.56689453125,20.1759338379,40.4927227407
3407.80068398,3.56536865234,20.1072692871,40.5039447404
3409.80833101,3.56689453125,21.8162536621,40.5156346899
3411.81393218,3.56597900391,21.3394165039,40.5276559486
3413.82074213,3.56567382812,19.8822021484,40.5391453867
3415.82647109,3.56781005859,19.2565917969,40.5500484162
3417.83210707,3.56292724609,20.3437805176,40.5610795178
3419.83781505,3.564453125,20.1797485352,40.5723681797
3421.84349012,3.56048583984,20.7672119141,40.58377461
3423.85019898,3.56719970703,21.1448669434,40.5954559072
3425.85573101,3.56567382812,20.9159851074,40.6071717941
3427.86143517,3.56658935547,21.0800170898,40.6188706214
3429.86722302,3.56567382812,19.847869873,40.6302723795
3431.87287807,3.56597900391,19.9165344238,40.6413492793
3433.87893009,3.56750488281,20.9312438965,40.6527302193
3435.88466811,3.57055664062,21.0571289062,40.6644271187
3437.89035511,3.56567382812,20.9159851074,40.6761194699
3439.89593506,3.56719970703,20.9465026855,40.6877803819
3441.90170813,3.56689453125,20.9121704102,40.699441354
3443.90865016,3.56628417969,19.9813842773,40.7108401031
3445.91489315,3.56811523438,20.2484130859,40.7220499294
3447.92242002,3.56964111328,21.0571289062,40.7335668718
3449.92807817,3.56597900391,20.1454162598,40.7450444025
3451.93377209,3.56964111328,21.3165283203,40.7565943983
3453.93953705,3.56750488281,21.6522216797,40.7685645668
3455.94556999,3.56628417969,20.5116271973,40.7803120765
3457.95125914,3.56719970703,20.0538635254,40.7916123215
3459.95697808,3.56536865234,20.1148986816,40.802802217
3461.96269798,3.56658935547,20.5078125,40.8141185754
3463.96866298,3.56842041016,20.4620361328,40.8255330312
3465.97426605,3.56719970703,21.8772888184,40.8373269035
3467.97981,3.57177734375,20.9732055664,40.8492628132
3469.98550916,3.56872558594,20.5268859863,40.8608234658
3471.99124312,3.56658935547,19.6914672852,40.8720272598
3473.99728012,3.56750488281,21.4920043945,40.8835016442
3476.00295901,3.56872558594,22.0031738281,40.8956179444
3478.00871015,3.5693359375,21.1639404297,40.90764329
3480.01430202,3.56872558594,21.2364196777,40.9194540979
3482.01984406,3.56903076172,21.1181640625,40.9312518616
3484.02596307,3.56506347656,20.435333252,40.9428298145
3486.03178596,3.56964111328,21.8849182129,40.9546196658
3488.03749204,3.57025146484,19.8669433594,40.9662504939
3490.0432992,3.57116699219,21.2898254395,40.9777161247
3492.04900098,3.56903076172,20.0386047363,40.9892289727
3494.05615211,3.56903076172,19.8211669922,41.0003407208
3496.06362414,3.57025146484,19.6189880371,41.0113372497
3498.06958914,3.57269287109,20.6108093262,41.0225455227
3500.07695818,3.56903076172,21.0762023926,41.0341679139
3502.082937,3.57025146484,19.4206237793,41.0454506605
3504.09110808,3.56872558594,19.832611084,41.0563988843
3506.0968411,3.57055664062,21.0762023926,41.0677950173
3508.10250998,3.57055664062,21.4004516602,41.0796275316
3510.10803819,3.57177734375,20.8549499512,41.0913975872
3512.11381817,3.57055664062,20.9579467773,41.103045847
3514.1207552,3.56994628906,20.5688476562,41.1146210778
3516.12637019,3.57177734375,20.2751159668,41.1259984758
3518.13203907,3.56872558594,19.702911377,41.1371349599
3520.13771915,3.57116699219,19.8211669922,41.1481450511
3522.14339805,3.5693359375,19.4549560547,41.1590860638
3524.15020418,3.57360839844,21.0800170898,41.1703840961
3526.15598202,3.57116699219,21.0876464844,41.1821311746
3528.16164303,3.57208251953,21.4195251465,41.1939721436
3530.16739607,3.56750488281,21.6484069824,41.2059698708
3532.17310905,3.57177734375,20.923614502,41.2178292119
3534.17987204,3.57208251953,20.01953125,41.229240766
3536.18551111,3.57055664062,20.3323364258,41.2404812219
3538.19113898,3.57055664062,20.0881958008,41.2517407422
3540.1948812,3.57086181641,20.4734802246,41.2630289564
3542.20586801,3.57299804688,20.8930969238,41.2745827954
3544.21309209,3.57177734375,21.3890075684,41.286370248
3546.22033811,3.57025146484,20.5421447754,41.2980599895
3548.22781801,3.57208251953,21.800994873,41.309865962
3550.2352562,3.57147216797,20.450592041,41.3216461632
3552.24293518,3.57177734375,20.0843811035,41.3329491095
3554.25053215,3.57574462891,20.4734802246,41.3442579761
3556.25786805,3.57025146484,19.9890136719,41.355538784
3558.26526213,3.57208251953,20.263671875,41.3667614232
3560.27282,3.57238769531,20.8053588867,41.3782125977
3562.28050613,3.57330322266,21.1524963379,41.3899123483
3564.28693914,3.57421875,22.029876709,41.4019460342
3566.29251504,3.57238769531,20.1225280762,41.4136876796
3568.29820704,3.57971191406,20.7405090332,41.4250708278
3570.30399108,3.57452392578,21.8811035156,41.4369444042
3572.30967307,3.57635498047,21.2898254395,41.4489703979
3574.31652212,3.57482910156,21.4195251465,41.460874734
3576.32225299,3.57391357422,21.4881896973,41.4728276962
3578.32928514,3.57482910156,20.2445983887,41.4844608973
3580.33686113,3.57330322266,20.5459594727,41.4958345285
3582.3453691,3.56903076172,20.2178955078,41.5072059906
3584.352777,3.57452392578,21.4920043945,41.5188349882
3586.36014605,3.57269287109,21.369934082,41.5307849505
3588.36756897,3.57604980469,21.1868286133,41.5426501478
3590.37504506,3.57299804688,21.4424133301,41.5545358678
3592.38231111,3.57513427734,21.5263366699,41.5665149946
