2203.91713119,3.52081298828,19.905090332,33.5981173783
2205.9240942,3.52355957031,20.3514099121,33.609338671
2207.93003297,3.51928710938,21.3508605957,33.6209570323
2209.93575597,3.52203369141,20.2713012695,33.6325518277
2211.94135618,3.52203369141,19.5579528809,33.6436464889
2213.94708014,3.52264404297,20.7939147949,33.6548874205
2215.95282197,3.52325439453,20.99609375,33.6665290828
2217.96012712,3.52264404297,19.5808410645,33.6778416231
2219.965909,3.52508544922,21.7094421387,33.689344304
2221.97188902,3.52294921875,20.0614929199,33.7009820346
2223.97766709,3.52386474609,21.556854248,33.7125760858
2225.98321819,3.52111816406,20.2140808105,33.7242113281
2227.99076009,3.52233886719,20.7366943359,33.7356294388
2229.99661613,3.52355957031,21.0418701172,33.7472685757
2232.0039742,3.52294921875,19.6876525879,33.7586239557
2234.01160002,3.52233886719,21.2783813477,33.7700467984
2236.01852012,3.52447509766,20.8892822266,33.7818005667
2238.02469611,3.52386474609,20.9159851074,33.7934490005
2240.03063011,3.52355957031,19.9966430664,33.8048473383
2242.03875399,3.52386474609,19.8745727539,33.8159676633
2244.0456171,3.52478027344,21.2097167969,33.827419128
2246.05191398,3.52508544922,21.354675293,33.8392797956
2248.05846405,3.52142333984,20.4544067383,33.8509314646
2250.06545997,3.52661132812,20.8396911621,33.8624421709
2252.072227,3.52355957031,20.5917358398,33.8739898406
2254.0796721,3.52508544922,21.2898254395,33.8856669149
2256.08737302,3.52355957031,20.4849243164,33.8973156932
2258.09521103,3.52569580078,20.4658508301,33.908735488
2260.10299897,3.52294921875,20.0805664062,33.9200422391
2262.10841298,3.525390625,19.7944641113,33.9311486203
2264.11652303,3.52416992188,19.4664001465,33.9420986392
2266.12406611,3.525390625,21.8772888184,33.953626311
2268.13171697,3.52447509766,19.6952819824,33.9652184231
2270.13786817,3.52569580078,21.6293334961,33.976732788
2272.14584708,3.52447509766,20.8549499512,33.9885810582
2274.15331101,3.52294921875,20.1530456543,34.0000146793
2276.15906215,3.52478027344,20.7443237305,34.0114077272
2278.16785002,3.52386474609,20.4582214355,34.0229031679
2280.17498803,3.52478027344,20.9693908691,34.0344519089
2282.18453407,3.525390625,21.9764709473,34.0464382543
2284.19104815,3.52142333984,20.2522277832,34.0582066541
2286.1968472,3.52478027344,20.3704833984,34.069523459
2288.20275903,3.52600097656,21.1029052734,34.081077898
2290.20849514,3.52508544922,20.1873779297,34.0925803164
2292.21460414,3.52416992188,20.2407836914,34.1038446634
2294.22026801,3.52416992188,20.1377868652,34.1150926968
2296.22601318,3.52691650391,21.6064453125,34.1267216263
2298.23387504,3.52233886719,20.2789306641,34.1384021886
2300.23973417,3.52569580078,20.7366943359,34.149828795
2302.24766397,3.52416992188,20.4429626465,34.1613129423
2304.25612116,3.52478027344,19.4931030273,34.1724532031
2306.2621181,3.53057861328,20.2369689941,34.1835224257
2308.26967001,3.52508544922,20.8969116211,34.194991648
2310.27536011,3.52630615234,21.9459533691,34.2069263022
2312.28110099,3.525390625,20.3399658203,34.2187061073
2314.28709412,3.52600097656,20.9197998047,34.2302014971
2316.29282713,3.52661132812,19.8707580566,34.2415646872
2318.29854512,3.525390625,20.9579467773,34.2529384188
2320.3043201,3.52630615234,20.9312438965,34.2646079036
2322.30993605,3.52783203125,19.6266174316,34.275905611
2324.31557703,3.52569580078,20.3514099121,34.2870419402
2326.32138109,3.52630615234,20.8625793457,34.298523494
2328.32817912,3.52386474609,20.6413269043,34.3100915436
2330.33432603,3.52691650391,19.9127197266,34.321391179
2332.3399961,3.52569580078,20.4772949219,34.3326424351
2334.34770298,3.52752685547,20.0004577637,34.3439295827
2336.35378814,3.52325439453,21.2020874023,34.3554095569
2338.36107707,3.52478027344,20.2751159668,34.3669729918
2340.3671751,3.52844238281,20.6069946289,34.3783637587
2342.37290311,3.525390625,19.7944641113,34.3896185277
2344.37876701,3.52905273438,21.2287902832,34.4010472868
2346.38451409,3.525390625,20.191192627,34.4125858993
2348.39033318,3.52691650391,20.580291748,34.4239442633
2350.39604998,3.52661132812,21.4424133301,34.435650603
2352.40149212,3.52844238281,21.4538574219,34.4475986571
2354.40787911,3.52752685547,20.8053588867,34.4593748157
2356.41367602,3.53088378906,19.3786621094,34.4705693969
2358.41942501,3.52691650391,21.3851928711,34.4819252387
2360.42522097,3.52722167969,20.0271606445,34.4934620069
2362.43104005,3.53118896484,20.6184387207,34.5047853012
2364.43713617,3.52569580078,20.378112793,34.5162079433
2366.44273019,3.52661132812,20.4963684082,34.5275937232
2368.44845319,3.52813720703,20.9274291992,34.5391332598
2370.45443606,3.52630615234,19.8554992676,34.5504957398
2372.46011519,3.52355957031,20.824432373,34.5618278078
2374.46584511,3.52600097656,21.6636657715,34.5736638703
2376.47388911,3.52996826172,21.8505859375,34.5857997775
2378.48115301,3.52905273438,21.4767456055,34.5978788592
2380.48874617,3.52569580078,19.8516845703,34.6094025639
2382.49671912,3.52661132812,19.660949707,34.6204220502
2384.50290418,3.52355957031,19.7944641113,34.6314157809
2386.51378012,3.52447509766,19.9661254883,34.6425204494
2388.52210712,3.52752685547,21.1448669434,34.6539877156
2390.53031516,3.52722167969,20.2980041504,34.6655468693
2392.53797507,3.52661132812,20.0500488281,34.6767975871
2394.54576516,3.525390625,21.5911865234,34.688409651
2396.55335498,3.52935791016,20.378112793,34.7001120312
2398.56122708,3.52844238281,20.4086303711,34.7114862762
2400.56878018,3.52661132812,20.0042724609,34.7227544774
