23.6773810387,3.92242431641,20.3628540039,48.2669637574
25.6831889153,3.92883300781,20.938873291,48.2784697754
27.6887969971,3.92852783203,20.1187133789,48.2899066404
29.6946320534,3.93463134766,19.6342468262,48.3009813461
31.7006728649,3.93402099609,19.947052002,48.3120093601
33.7066309452,3.93585205078,19.7830200195,48.3230783683
35.7123970985,3.93981933594,20.3056335449,48.3342462106
37.7184450626,3.94439697266,20.7939147949,48.3456972752
39.724093914,3.94714355469,21.5377807617,48.3574892914
41.729724884,3.94775390625,20.7023620605,48.3692556996
43.7354280949,3.95233154297,20.751953125,48.3808036236
45.7411770821,3.95050048828,20.01953125,48.3921615907
47.7468960285,3.95568847656,21.7552185059,48.4037988695
49.7526450157,3.95874023438,20.4734802246,48.415562782
51.7583770752,3.96728515625,20.7748413086,48.4270534876
53.7639930248,3.96545410156,21.2135314941,48.4387496752
55.769644022,3.96545410156,19.5655822754,48.4501092127
57.7757360935,3.96942138672,20.092010498,48.4611587658
59.7815110683,3.97308349609,21.9078063965,48.4728590688
61.7872009277,3.97308349609,19.962310791,48.4845227451
63.7929189205,3.98101806641,20.5001831055,48.4957944607
65.7985880375,3.98162841797,20.6184387207,48.507248676
67.8042309284,3.98101806641,19.8974609375,48.5185348463
69.8098020554,3.98651123047,21.0952758789,48.5299534364
71.8155288696,3.98956298828,19.6762084961,48.541311278
73.8212380409,3.99291992188,20.881652832,48.5526095106
75.8269329071,3.99169921875,21.1410522461,48.5643157222
77.832652092,3.99658203125,20.0538635254,48.5757914768
79.8384048939,4.00024414062,20.3704833984,48.5870527611
81.8440749645,4.00512695312,21.5644836426,48.5987343873
83.8497998714,4.01031494141,19.8822021484,48.6102803109
85.8560369015,4.00909423828,20.4391479492,48.6215156145
87.8621339798,4.01458740234,20.8129882812,48.6330094742
89.8679749966,4.01580810547,20.0080871582,48.644381778
91.8737010956,4.02099609375,21.5759277344,48.6559659647
93.8797380924,4.02465820312,21.1067199707,48.6678580439
95.8857839108,4.02252197266,20.6108093262,48.6794812765
97.8913719654,4.02801513672,19.8287963867,48.6907458863
99.8970649242,4.03228759766,20.01953125,48.7018463738
101.902812004,4.03594970703,20.6832885742,48.7131852019
103.908545971,4.03900146484,21.3203430176,48.7248863283
105.914267063,4.04388427734,20.4048156738,48.7365098049
107.920142889,4.04876708984,20.7176208496,48.7479662634
109.926069021,4.04937744141,20.7099914551,48.7595080314
111.931642056,4.05303955078,20.6031799316,48.7710158901
113.937422037,4.05426025391,19.832611084,48.7822805151
115.943089008,3.9501953125,0.614166259766,48.7879762688
117.948823929,3.88854980469,0.541687011719,48.7882982598
119.954520941,3.84338378906,0.541687011719,48.7886000542
121.960226059,3.81011962891,0.637054443359,48.7889284164
123.965924978,3.78143310547,0.553131103516,48.7892599656
125.971513987,3.76251220703,0.583648681641,48.7895766201
127.980346918,3.74664306641,0.560760498047,48.7898959155
129.988645077,3.73413085938,0.572204589844,48.7902119338
131.994414091,3.72314453125,0.503540039062,48.7905116137
134.000104904,3.71429443359,0.576019287109,48.7908123446
136.005795002,3.70666503906,0.545501708984,48.7911247645
138.011473894,3.69842529297,0.564575195312,48.7914339948
140.017105103,3.69201660156,0.499725341797,48.7917304662
142.022837877,3.68560791016,0.591278076172,48.7920343914
144.028589964,3.67980957031,0.564575195312,48.7923563852
146.034368992,3.67523193359,0.564575195312,48.7926709444
148.040085077,3.67004394531,0.587463378906,48.7929918697
150.04587698,3.6669921875,0.522613525391,48.7933011174
152.053368092,3.65936279297,0.602722167969,48.7936148814
154.059004068,3.65539550781,0.568389892578,48.7939411071
156.064689875,3.65539550781,0.629425048828,48.7942747793
158.070472002,3.64868164062,0.553131103516,48.7946042168
160.07612896,3.642578125,0.602722167969,48.7949261953
162.08180809,3.64105224609,0.576019287109,48.7952545533
164.08752799,3.63525390625,0.537872314453,48.7955648525
166.093183994,3.63525390625,0.598907470703,48.7958815177
168.098764896,3.63098144531,0.621795654297,48.7962215481
170.104485035,3.62518310547,0.545501708984,48.7965467247
172.111680984,3.62487792969,0.522613525391,48.7968444909
174.117351055,3.62701416016,0.579833984375,48.7971515945
176.123219967,3.61938476562,0.560760498047,48.797469356
178.128905058,3.61785888672,0.556945800781,48.7977807126
180.13467288,3.61389160156,0.556945800781,48.7980910192
182.138489008,3.61175537109,0.656127929688,48.7984286271
184.147284031,3.60961914062,0.606536865234,48.7987809097
186.152956009,3.60626220703,0.587463378906,48.799113517
188.159523964,3.60382080078,0.602722167969,48.7994452098
190.165276051,3.60198974609,0.572204589844,48.799772517
192.17107296,3.59649658203,0.67138671875,48.8001189603
194.176739931,3.59802246094,0.583648681641,48.8004685691
196.182332039,3.59619140625,0.587463378906,48.8007947876
198.188095093,3.59344482422,0.583648681641,48.8011210338
200.193785906,3.59222412109,0.576019287109,48.8014440804
202.199491024,3.58978271484,0.576019287109,48.801765004
204.205197096,3.58795166016,0.568389892578,48.8020838024
206.210938931,3.58276367188,0.621795654297,48.8024153586
208.216630936,3.583984375,0.591278076172,48.8027532826
210.222245932,3.58306884766,0.591278076172,48.8030826926
212.227994919,3.58154296875,0.625610351562,48.8034216888
214.233747005,3.5791015625,0.568389892578,48.8037543094
216.239374876,3.57849121094,0.583648681641,48.8040752206
218.245141983,3.57360839844,0.656127929688,48.8044205961
220.251837015,3.57452392578,0.614166259766,48.8047746368
