3991.69360518,3.60015869141,20.0080871582,43.854391971
3993.69941115,3.59954833984,20.5993652344,43.8657045641
3995.705163,3.60107421875,20.8015441895,43.8772378906
3997.71077609,3.60137939453,19.889831543,43.8885727733
3999.71649504,3.59893798828,19.9508666992,43.8996712794
4001.72227812,3.60076904297,19.7105407715,43.9107201933
4003.72804618,3.59771728516,20.2980041504,43.9218657296
4005.7337501,3.60229492188,19.4244384766,43.93293121
4007.7398572,3.60198974609,20.1301574707,43.9439521483
4009.74582219,3.60137939453,19.9661254883,43.9551232233
4011.75275517,3.60290527344,20.8702087402,43.9665059713
4013.76037908,3.60260009766,20.580291748,43.9780638902
4015.76770711,3.60229492188,20.7901000977,43.9895977717
4017.77515507,3.60443115234,21.3737487793,44.0013535679
4019.78269219,3.60443115234,21.1753845215,44.013217313
4021.78934216,3.60626220703,20.4849243164,44.0248280988
4023.79502606,3.60504150391,21.3050842285,44.0364694248
4025.80053997,3.60137939453,20.6871032715,44.0481660798
4027.80668807,3.60168457031,20.6413269043,44.0596814897
4029.81249905,3.60443115234,20.2445983887,44.0710716894
4031.81951213,3.60382080078,21.2936401367,44.0826505489
4033.825248,3.60504150391,20.8511352539,44.0943910055
4035.83091998,3.60717773438,21.1639404297,44.1060949583
4037.83877301,3.60778808594,20.9770202637,44.1178467438
4039.8461802,3.60717773438,20.881652832,44.1295172162
4041.85315704,3.60443115234,19.702911377,44.140830033
4043.85968304,3.60534667969,19.9394226074,44.1518777237
4045.86535811,3.60565185547,20.4696655273,44.1631343211
4047.8710711,3.60687255859,21.4958190918,44.1748246985
4049.87675118,3.60687255859,21.1372375488,44.1867008475
4051.88348103,3.60626220703,20.4772949219,44.198299337
4053.88899708,3.60687255859,20.8320617676,44.2098058061
4055.89478898,3.61022949219,20.8396911621,44.2214148151
4057.90047717,3.60717773438,21.1448669434,44.2331103613
4059.90626597,3.60900878906,20.6451416016,44.2447522961
4061.91198707,3.60687255859,21.1982727051,44.2564087154
4063.91890311,3.61267089844,21.4195251465,44.2682879296
4065.92457509,3.60748291016,20.923614502,44.2800832697
4067.93014908,3.60900878906,20.5307006836,44.2916304497
4069.93587112,3.6083984375,20.4963684082,44.3030594632
4071.94269204,3.60565185547,20.3590393066,44.3144468919
4073.94837117,3.60595703125,21.3508605957,44.3260658747
4075.95406914,3.60870361328,21.1448669434,44.3379038739
4077.9602921,3.60870361328,19.8707580566,44.3493325529
4079.9659791,3.60961914062,20.1606750488,44.3604840147
4081.9727571,3.60870361328,20.0386047363,44.3716883244
4083.97854209,3.60870361328,20.6909179688,44.3830348057
4085.9848001,3.61938476562,20.6069946289,44.3945423429
4087.99057698,3.60595703125,20.4048156738,44.4059674181
4089.99641418,3.60687255859,19.8707580566,44.4171877298
4092.00342798,3.60992431641,21.369934082,44.4286836517
4094.00908017,3.61083984375,21.6445922852,44.4406658988
4096.01462507,3.61022949219,19.5388793945,44.4521374685
4098.02028799,3.60961914062,20.0271606445,44.4631591545
4100.02607703,3.61450195312,20.8053588867,44.4745343517
4102.03288412,3.61022949219,19.5388793945,44.4857792272
4104.0390842,3.61083984375,20.8129882812,44.4970228272
4106.04473615,3.61083984375,20.9655761719,44.5086607799
4108.05036902,3.60961914062,19.7906494141,44.520013839
4110.05588818,3.61267089844,21.6674804688,44.5315617659
4112.06277704,3.61297607422,19.8059082031,44.5431218329
4114.06693101,3.61206054688,20.0996398926,44.5542297304
4116.07419705,3.61389160156,21.5377807617,44.5658377
4118.0800252,3.60870361328,20.7443237305,44.5776169548
4120.08569717,3.61236572266,21.0189819336,44.5892507732
4122.09248805,3.61358642578,21.2249755859,44.6010250493
4124.09813118,3.61297607422,21.1372375488,44.6128255329
4126.10389113,3.61419677734,20.9808349609,44.6245586917
4128.10960913,3.61297607422,20.5154418945,44.6361183902
4130.11540914,3.61358642578,20.6680297852,44.6475914191
4132.12233615,3.61480712891,21.728515625,44.6594090263
4134.12855601,3.61358642578,20.6871032715,44.6712277843
4136.13453317,3.61328125,21.1067199707,44.6828718752
4138.13891101,3.61541748047,21.9268798828,44.6948518188
4140.14585114,3.61389160156,20.4658508301,44.7066684399
4142.15260911,3.61511230469,20.1416015625,44.7179864023
4144.15854812,3.61022949219,19.8745727539,44.7291350141
4146.16421604,3.61450195312,20.0843811035,44.7402661797
4148.16997099,3.61572265625,20.2140808105,44.7514924073
4150.17560005,3.61602783203,21.2364196777,44.7630388418
4152.18136597,3.61511230469,20.5230712891,44.7746721423
4154.18707514,3.61572265625,21.3966369629,44.7863497456
4156.19278502,3.61572265625,21.1601257324,44.7982048178
4158.19853997,3.61846923828,21.7933654785,44.8101706758
4160.20421314,3.61785888672,20.5955505371,44.8219787746
4162.20996404,3.61785888672,21.1753845215,44.833615176
4164.21557713,3.61907958984,19.6304321289,44.8449819371
4166.22116208,3.61419677734,19.702911377,44.8559383763
4168.22689915,3.62152099609,20.3170776367,44.8670869284
4170.23260808,3.61175537109,20.2903747559,44.8783989743
4172.23954201,3.61755371094,20.3094482422,44.8897158023
4174.24522114,3.62091064453,20.1950073242,44.9009989886
4176.25085998,3.61450195312,20.1721191406,44.9122436937
4178.25657511,3.62182617188,20.0805664062,44.9234569466
4180.26223898,3.61846923828,21.110534668,44.934931322
4182.2691431,3.61785888672,19.6762084961,44.9463000835
4184.27485108,3.61602783203,20.1568603516,44.9573964036
4186.28053117,3.62091064453,20.9846496582,44.9688570573
4188.28632307,3.61724853516,21.4309692383,44.9806732941
