4587.48823404,3.70391845703,20.2865600586,47.2703114911
4589.49408412,3.70361328125,20.0119018555,47.2815382512
4591.49980712,3.7060546875,21.7056274414,47.2931596134
4593.50559711,3.70666503906,20.6718444824,47.3049652119
4595.51124215,3.70666503906,20.3819274902,47.316401225
4597.51685405,3.70849609375,21.5530395508,47.3280825123
4599.52257919,3.71002197266,21.5835571289,47.3400992007
4601.52832317,3.70941162109,21.1982727051,47.3520171726
4603.53519511,3.71002197266,21.9917297363,47.3640556176
4605.54097915,3.71124267578,20.8358764648,47.3759865799
4607.5467732,3.7109375,20.4544067383,47.3874893305
4609.55235505,3.71154785156,21.3851928711,47.399143878
4611.55794597,3.71368408203,20.6451416016,47.4108516081
4613.56477213,3.71368408203,20.5078125,47.4223220005
4615.57058501,3.71948242188,20.3285217285,47.4336983957
4617.57628608,3.71490478516,19.9890136719,47.4449296351
4619.58197904,3.71612548828,20.5497741699,47.456222463
4621.58766317,3.71520996094,20.336151123,47.4676119425
4623.59447718,3.71795654297,20.4391479492,47.4789770037
4625.60000896,3.71948242188,21.1524963379,47.4905621933
4627.60583305,3.720703125,21.2135314941,47.5023648043
4629.61150599,3.72131347656,20.0042724609,47.5138466701
4631.61725998,3.72131347656,20.7595825195,47.5252025402
4633.62421918,3.72222900391,19.7868347168,47.5365046242
4635.6298871,3.72406005859,21.3623046875,47.5479673338
4637.63554811,3.72314453125,21.110534668,47.5597987391
4639.64123011,3.72497558594,20.2369689941,47.5713167868
4641.64693308,3.7255859375,20.4963684082,47.5826638668
4643.65377712,3.72741699219,20.4124450684,47.5940663124
4645.65955615,3.72772216797,21.0609436035,47.6056199865
4647.66516709,3.72711181641,20.1072692871,47.6170876835
4649.67090511,3.73138427734,21.1486816406,47.6285805487
4651.67648411,3.73413085938,21.3241577148,47.6404114701
4653.68321919,3.73016357422,20.6146240234,47.6521003624
4655.68889618,3.73107910156,20.0462341309,47.6634271051
4657.69460917,3.73260498047,20.8854675293,47.6748295004
4659.70037913,3.73352050781,21.0647583008,47.6865159591
4661.70608211,3.73443603516,20.0233459473,47.6979618665
4663.71291518,3.73657226562,19.6228027344,47.7090123112
4665.71854305,3.73474121094,20.679473877,47.7202388903
4667.724051,3.73840332031,20.6069946289,47.7317389376
4669.72982502,3.73870849609,19.4320678711,47.7428930086
4671.73557901,3.74420166016,21.1334228516,47.7541936191
4673.74237013,3.74084472656,20.5917358398,47.7658232965
4675.74905419,3.74176025391,21.0189819336,47.7774204582
4677.75472713,3.74450683594,21.6484069824,47.7893061287
4679.76032305,3.74389648438,20.0004577637,47.8009076277
4681.76586318,3.74145507812,20.7672119141,47.8122633496
4683.77264214,3.74664306641,20.99609375,47.8239035889
4685.77833319,3.74481201172,20.3323364258,47.8354163754
4687.78426909,3.73840332031,19.2794799805,47.846452315
4689.79006004,3.70758056641,21.6598510742,47.8578572788
4691.79573917,3.91571044922,22.3197937012,47.8701085365
4693.80248308,3.81286621094,21.3432312012,47.8822780517
4695.80796719,3.76373291016,20.2178955078,47.8938544654
4697.81375217,3.7548828125,21.0494995117,47.9053507879
4699.82132816,3.7548828125,21.9764709473,47.9173477191
4701.82797408,3.75518798828,20.8740234375,47.9292901872
4703.83365202,3.75579833984,19.9699401855,47.9406679423
4705.83944201,3.75762939453,20.7176208496,47.9520027621
4707.8450911,3.75823974609,20.6260681152,47.9635195582
4709.85063219,3.76037597656,21.0609436035,47.9751313658
4711.85626817,3.75946044922,20.2140808105,47.9866289594
4713.86316204,3.75823974609,21.2860107422,47.9981964982
4715.86887312,3.76129150391,19.6533203125,48.0096010079
4717.87455416,3.76190185547,21.6064453125,48.0210946093
4719.88028097,3.76647949219,20.0004577637,48.0326851761
4721.88590598,3.76800537109,20.2445983887,48.0438957999
4723.89262199,3.76281738281,21.1181640625,48.0554240384
4725.89832115,3.76739501953,21.2593078613,48.0672291023
4727.90398717,3.61022949219,20.1721191406,48.0787704364
4729.90967202,3.82537841797,20.2713012695,48.0900366524
4731.91533899,3.78936767578,20.2674865723,48.1013293341
