1012.24810505,3.50006103516,20.824432373,26.7549435815
1014.25360513,3.49792480469,21.1334228516,26.7666305929
1016.26300097,3.49945068359,20.6718444824,26.7782977221
1018.26927018,3.49884033203,20.565032959,26.7897883162
1020.27533507,3.49853515625,20.3895568848,26.8011990891
1022.28125405,3.49914550781,19.8936462402,26.8124219838
1024.28765798,3.49822998047,20.8854675293,26.8237857857
1026.29314113,3.49945068359,21.4767456055,26.8355853281
1028.29850912,3.50311279297,20.8396911621,26.847371443
1030.30417919,3.50036621094,21.3088989258,26.8591125772
1032.30972219,3.49822998047,20.7328796387,26.8708232153
1034.31515408,3.50128173828,19.9966430664,26.8821676991
1036.32058597,3.50158691406,21.7018127441,26.8937820621
1038.32613611,3.50067138672,20.5764770508,26.9055586218
1040.33149219,3.50036621094,19.6762084961,26.9167698673
1042.33681703,3.50189208984,20.0042724609,26.9278215693
1044.34237909,3.49975585938,20.679473877,26.9391540385
1046.34787011,3.49975585938,20.149230957,26.950526483
1048.35334396,3.49945068359,21.0876464844,26.9620125219
1050.35887098,3.50250244141,20.5039978027,26.9735976839
1052.36433816,3.49761962891,20.0080871582,26.9848818028
1054.36988997,3.50158691406,21.7590332031,26.9965159867
1056.37521815,3.50006103516,20.9503173828,27.0084113012
1058.38084602,3.49884033203,19.7982788086,27.0197622068
1060.38630104,3.50067138672,20.8625793457,27.031087696
1062.39179516,3.50280761719,20.4315185547,27.0425897891
1064.39736605,3.49945068359,20.824432373,27.0540816966
1066.40118814,3.50158691406,21.728515625,27.065924549
1068.40854311,3.49945068359,20.7214355469,27.0777595657
1070.41409302,3.50067138672,21.1753845215,27.0894298662
1072.4197011,3.50006103516,19.9356079102,27.1008816077
1074.42512012,3.49914550781,21.3279724121,27.11237477
1076.43067217,3.50006103516,20.565032959,27.1240440204
1078.43622708,3.50006103516,20.1873779297,27.1353955757
1080.44165707,3.49945068359,20.9808349609,27.146862238
1082.44706798,3.50158691406,21.1296081543,27.1585912299
1084.45243907,3.50311279297,21.1334228516,27.1703624884
1086.457932,3.50006103516,20.1644897461,27.1818656372
1088.46341515,3.49975585938,21.167755127,27.1933782928
1090.46902704,3.50494384766,20.1301574707,27.2048821241
1092.47448802,3.49945068359,20.4887390137,27.216195959
1094.47990799,3.50128173828,21.7742919922,27.2279675044
1096.48525715,3.50067138672,21.427154541,27.2400000022
1098.49076819,3.50036621094,19.8783874512,27.2515053801
1100.49626112,3.50006103516,20.8129882812,27.2628395837
1102.50174809,3.49884033203,20.2560424805,27.2742789457
1104.50725698,3.5009765625,20.1606750488,27.2855367355
1106.51279807,3.49975585938,20.2827453613,27.296802144
1108.51828313,3.49945068359,21.5148925781,27.308444441
1110.52358317,3.50280761719,21.1753845215,27.3203342763
1112.52904201,3.5009765625,20.6756591797,27.3319912965
1114.534513,3.50189208984,20.5154418945,27.3434645685
1116.53996301,3.49945068359,20.2484130859,27.3548187176
1118.54619312,3.50524902344,21.8048095703,27.3665365567
1120.55180812,3.50372314453,20.9655761719,27.3784505744
1122.55724311,3.49914550781,20.1187133789,27.3898938899
1124.56184006,3.50219726562,20.1644897461,27.4011093879
1126.56809807,3.49945068359,20.6031799316,27.4124691746
1128.57369018,3.5009765625,20.866394043,27.4240207094
1130.57918406,3.49975585938,20.694732666,27.4355971795
1132.58461809,3.5009765625,20.0881958008,27.4469565508
1134.59008312,3.50006103516,20.1759338379,27.458171593
1136.595541,3.50189208984,20.8206176758,27.4695906009
1138.60112214,3.49945068359,20.8435058594,27.4811962649
1140.60653615,3.50250244141,20.3170776367,27.4926607108
1142.61200309,3.49731445312,20.2484130859,27.5039597039
1144.61871314,3.49426269531,21.0952758789,27.5154825923
1146.62423897,3.50067138672,20.1416015625,27.5269689288
1148.6297071,3.49731445312,20.9083557129,27.5384028706
1150.63516116,3.50250244141,21.0189819336,27.5500811136
1152.64050317,3.50128173828,20.3857421875,27.5616131459
1154.64609003,3.50067138672,20.0080871582,27.5728649978
1156.65157819,3.50067138672,21.0304260254,27.5842958661
1158.65711403,3.5009765625,20.3971862793,27.5958353885
1160.66258502,3.50036621094,20.6565856934,27.6072704092
1162.66800618,3.49975585938,19.6151733398,27.6184873311
1164.67351413,3.5009765625,20.6985473633,27.6297164266
1166.67894697,3.50494384766,21.4920043945,27.6414678596
1168.68450403,3.5009765625,19.4511413574,27.6528725562
1170.69002199,3.50311279297,21.1448669434,27.6641803372
1172.69621706,3.50158691406,21.3470458984,27.6760202075
1174.70136905,3.50189208984,21.3165283203,27.6879017284
1176.70774412,3.50280761719,21.4462280273,27.6998181352
1178.71318316,3.50158691406,20.580291748,27.7115239162
1180.71856809,3.50463867188,20.0576782227,27.7228426346
1182.72404408,3.50006103516,20.4010009766,27.7341119277
1184.72960019,3.50128173828,20.450592041,27.7454911168
1186.73507619,3.50677490234,21.4195251465,27.7571535494
1188.74054003,3.49975585938,19.5236206055,27.7685577159
1190.746804,3.50158691406,20.0271606445,27.779578453
1192.75213814,3.49975585938,20.0347900391,27.7907364527
1194.75760412,3.50311279297,21.1715698242,27.8022139461
1196.76314211,3.49945068359,21.0914611816,27.8139861842
1198.76925898,3.50616455078,21.2554931641,27.8257852036
1200.77549314,3.50189208984,20.7290649414,27.8374839334
1202.78100109,3.50189208984,21.2707519531,27.8491826788
1204.78651118,3.5009765625,20.206451416,27.8607358663
1206.791924,3.50006103516,19.9317932129,27.8719155538
1208.79725504,3.50128173828,20.3247070312,27.8831277218
